 gdata_1=(  -1.203972804325936  35353673.2525110990 951511852.3236315250        24.9075881107       670.3650036828   1419393.6841814981   2696847.0000000000 )
 gdata_2=(  -1.194744006358024  35121765.1517723054 940630626.7445484400        24.7795319165       663.6450798054   1417369.9999710612   2693002.0000000000 )
 gdata_3=(  -1.185515208390112  34818990.0953498781 927719521.4028768539        24.6505481616       656.7908684360   1412503.6841818104   2683756.0000000000 )
 gdata_4=(  -1.176286410422200  34504063.0513302609 914040511.0307379961        24.5048472389       649.1532043533   1408050.5262872833   2675295.0000000000 )
 gdata_5=(  -1.167057612454288  34291633.2003033608 904039935.8731577396        24.3852526538       642.8752493834   1406244.7368136859   2671864.0000000000 )
 gdata_6=(  -1.157828814486376  34063474.9462044910 893291901.9720832109        24.2535879383       636.0341607337   1404471.5789190298   2668495.0000000000 )
 gdata_7=(  -1.148600016518464  33787188.0878516957 880831035.6413490772        24.1115702683       628.5879533722   1401285.2631297039   2662441.0000000000 )
 gdata_8=(  -1.139371218550552  33516143.6087244228 869265482.2234456539        23.9836879720       622.0343346735   1397455.7894456813   2655165.0000000000 )
 gdata_9=(  -1.130142420582640  33266155.5180746652 858242869.9857877493        23.8539693035       615.4152398054   1394575.2631300336   2649692.0000000000 )
 gdata_10=(  -1.120913622614728  33073141.4907828979 848544408.2980852127        23.7219939160       608.6257423338   1394197.3683932114   2648974.0000000000 )
 gdata_11=(  -1.111684824646816  32763225.1226103082 836008061.4422197342        23.5892350450       601.9184798528   1388905.7894461118   2638920.0000000000 )
 gdata_12=(  -1.102456026678904  32496464.5635442585 824217696.9623547792        23.4416738728       594.5582915518   1386268.9473409811   2633910.0000000000 )
 gdata_13=(  -1.093227228710992  32277407.8417379148 814210072.1040942669        23.3149993729       588.1298589280   1384405.2631305498   2630369.0000000000 )
 gdata_14=(  -1.083998430743080  31963437.8537623212 801792186.4489759207        23.1810522126       581.4889694515   1378860.5262887299   2619834.0000000000 )
 gdata_15=(  -1.074769632775168  31767501.6947180741 792105062.6306103468        23.0434028032       574.5744879806   1378594.2104992706   2619328.0000000000 )
 gdata_16=(  -1.065540834807256  31506950.3066859245 781536104.6020449400        22.9238416953       568.6304058838   1374418.4210258035   2611394.0000000000 )
 gdata_17=(  -1.056312036839344  31210967.4874383509 769538568.8236665726        22.7845378655       561.7762623794   1369831.0526049999   2602678.0000000000 )
 gdata_18=(  -1.047083238871432  31057504.1233988404 761597894.0384172201        22.6551240291       555.5531661908   1370882.1052365215   2604675.0000000000 )
 gdata_19=(  -1.037854440903520  30783455.6807859838 750492154.0925819874        22.5237655987       549.1231893431   1366709.9999735944   2596748.0000000000 )
 gdata_20=(  -1.028625642935608  30524640.5200518891 739432602.5111356974        22.3805649586       542.1495261227   1363890.5262895357   2591391.0000000000 )
 gdata_21=(  -1.019396844967696  30317557.2461549155 730188825.2997274399        22.2505070845       535.8964608677   1362555.7894475060   2588855.0000000000 )
 gdata_22=(  -1.010168046999784  30030026.7344509251 719300206.5699325800        22.1281212295       530.0282384736   1357097.8947109671   2578485.0000000000 )
 gdata_23=(  -1.000939249031872  29826597.4474792518 710210390.0279752016        21.9934890074       523.6938083029   1356155.7894478634   2576695.0000000000 )
 gdata_24=(  -0.991710451063960  29575535.4115721509 699927024.8549709320        21.8604014543       517.3426461800   1352927.3683954121   2570561.0000000000 )
 gdata_25=(  -0.982481653096048  29340277.3167082183 690334384.3168996572        21.7336997439       511.3625910784   1349989.9999745316   2564980.0000000000 )
 gdata_26=(  -0.973252855128136  29111836.7412512600 680933147.3458927870        21.6056142419       505.3607244650   1347419.9999746778   2560097.0000000000 )
 gdata_27=(  -0.964024057160224  28913996.1605907306 672131416.6051503420        21.4740763625       499.1838999223   1346460.5262905213   2558274.0000000000 )
 gdata_28=(  -0.954795259192312  28633758.7654170543 661845153.8148649931        21.3473305921       493.4255196823   1341327.3683960882   2548521.0000000000 )
 gdata_29=(  -0.945566461224400  28408675.0581824183 652135836.1765370369        21.2040350049       486.7495956744   1339776.8420803885   2545575.0000000000 )
 gdata_30=(  -0.936337663256488  28235024.6377451122 644775485.8798955679        21.0911435134       481.6376993151   1338714.7368172945   2543557.0000000000 )
 gdata_31=(  -0.927108865288576  28018044.2753797434 635739638.8303565979        20.9571254493       475.5248165464   1336922.1052384535   2540151.0000000000 )
 gdata_32=(  -0.917880067320664  27728128.5579999648 625231376.5271822214        20.8260475636       469.5988897546   1331415.7894493155   2529689.0000000000 )
 gdata_33=(  -0.908651269352752  27531547.4833750278 616714476.3634076118        20.6925260454       463.5184554172   1330506.8420809493   2527962.0000000000 )
 gdata_34=(  -0.899422471384840  27308175.8062184192 607927908.0016682148        20.5622607961       457.7520035858   1328072.6315547852   2523337.0000000000 )
 gdata_35=(  -0.890193673416928  27127302.1570440233 600470421.2191886902        20.4441762591       452.5375600827   1326896.3157653837   2521102.0000000000 )
 gdata_36=(  -0.880964875449016  26895397.7900151946 591520078.8554439545        20.3148751330       446.7922963775   1323926.3157655713   2515459.0000000000 )
 gdata_37=(  -0.871736077481104  26688948.6686427556 583238825.8842548132        20.1837479507       441.0793996739   1322298.9473446226   2512367.0000000000 )
 gdata_38=(  -0.862507279513192  26491165.7986361682 575402393.6978524923        20.0615619112       435.7479332074   1320493.6841868435   2508937.0000000000 )
 gdata_39=(  -0.853278481545280  26242243.4279730693 566324871.2233811617        19.9334525686       430.1770155403   1316492.6315555221   2501335.0000000000 )
 gdata_40=(  -0.844049683577368  26032332.9383111820 558004599.0263457298        19.8048849234       424.5188818327   1314439.9999767069   2497435.0000000000 )
 gdata_41=(  -0.834820885609456  25822119.0984930918 550190681.3609679937        19.6819511558       419.3624107927   1311969.4736610767   2492741.0000000000 )
 gdata_42=(  -0.825592087641544  25611784.2789266892 542370651.4381297827        19.5595538787       414.2049559492   1309425.7894507165   2487908.0000000000 )
 gdata_43=(  -0.816363289673632  25433449.9877507016 535074240.2803894877        19.4316714462       408.8075680433   1308865.7894507530   2486844.0000000000 )
 gdata_44=(  -0.807134491705720  25225423.3314665221 527456704.3614695072        19.3170806964       403.9148754056   1305861.0526088462   2481135.0000000000 )
 gdata_45=(  -0.797905693737808  25011501.4323970787 519189283.1902351975        19.1769691330       398.0759365775   1304246.8420826397   2478068.0000000000 )
 gdata_46=(  -0.788676895769896  24826786.2929400019 512311466.9062937498        19.0600483007       393.3123356779   1302556.3157669650   2474856.0000000000 )
 gdata_47=(  -0.779448097801984  24625172.2962533645 504873417.7187077999        18.9392811255       388.2993985141   1300216.8420829137   2470411.0000000000 )
 gdata_48=(  -0.770219299834072  24427988.9780912064 497647974.2541128397        18.8187221739       383.3757652459   1298068.4210304285   2466329.0000000000 )
 gdata_49=(  -0.760990501866160  24211468.9586481452 489939340.8909198642        18.6922557839       378.2534423734   1295267.3683990405   2461007.0000000000 )
 gdata_50=(  -0.751761703898248  24060577.9254337437 483796050.0494956374        18.5742823671       373.4808228451   1295370.5262937706   2461203.0000000000 )
 gdata_51=(  -0.742532905930336  23863590.5192193128 476907073.8352048397        18.4615173461       368.9481768878   1292612.6315571195   2455963.0000000000 )
 gdata_52=(  -0.733304107962424  23649855.4976769462 469277709.8641505241        18.3266936935       363.6516445823   1290459.4736625331   2451872.0000000000 )
 gdata_53=(  -0.724075309994512  23439796.8747899756 462223625.7237803936        18.2153997303       359.2005575957   1286812.1052417352   2444942.0000000000 )
 gdata_54=(  -0.714846512026600  23271045.5489095412 455910832.7129927874        18.0956363959       354.5176618904   1286003.1578733707   2443405.0000000000 )
 gdata_55=(  -0.705617714058688  23095442.1031184755 449286880.2137659192        17.9710677907       349.5999316974   1285145.7894523779   2441776.0000000000 )
 gdata_56=(  -0.696388916090776  22882426.0767880678 442400658.1176612973        17.8579946827       345.2600949642   1281354.7368210638   2434573.0000000000 )
 gdata_57=(  -0.687160118122864  22696479.7204305939 435757749.3363059759        17.7356867792       340.5137293996   1279706.8420843368   2431442.0000000000 )
 gdata_58=(  -0.677931320154952  22565351.0058659464 430584903.1857707500        17.6241584581       336.2986271044   1280364.7368211329   2432692.0000000000 )
 gdata_59=(  -0.668702522187040  22359274.2546536438 423869115.0921825171        17.5066010750       331.8760448765   1277191.0526108283   2426662.0000000000 )
 gdata_60=(  -0.659473724219128  22196545.2847185321 418008216.3146449924        17.3916813922       327.5223970319   1276273.6841898398   2424919.0000000000 )
 gdata_61=(  -0.650244926251216  22007241.8226242773 411781223.3811339140        17.2741087504       323.2187700489   1274001.5789268406   2420602.0000000000 )
 gdata_62=(  -0.641016128283304  21794718.9561860897 404795542.6278896928        17.1486596692       318.5038086560   1270928.4210323184   2414763.0000000000 )
 gdata_63=(  -0.631787330315392  21620730.6249369569 399199012.2543770671        17.0422071348       314.6624585846   1268657.8947166875   2410449.0000000000 )
 gdata_64=(  -0.622558532347480  21438418.3588285446 392984909.9893738627        16.9191735354       310.1432100833   1267107.8947167958   2407504.0000000000 )
 gdata_65=(  -0.613329734379568  21294314.7045891844 387831749.9414327145        16.8071784356       306.1078750214   1266977.3684010154   2407256.0000000000 )
 gdata_66=(  -0.604100936411656  21103431.6314762644 381702621.7556703091        16.6907072980       301.8886617999   1264382.1052433020   2402325.0000000000 )
 gdata_67=(  -0.594872138443744  20956916.6519833617 376374412.8512800932        16.5688281935       297.5668170339   1264839.9999801121   2403195.0000000000 )
 gdata_68=(  -0.585643340475832  20778806.6559816338 370649083.0601766109        16.4568553383       293.5547956240   1262623.1578750038   2398983.0000000000 )
 gdata_69=(  -0.576414542507920  20581761.4991923757 364770442.6022166610        16.3439273681       289.6633322738   1259291.0526120786   2392652.0000000000 )
 gdata_70=(  -0.567185744540008  20420116.7018072717 359386842.4225130677        16.2263960919       285.5788407354   1258450.5262963478   2391055.0000000000 )
 gdata_71=(  -0.557956946572096  20247136.0521274842 353924093.6583037376        16.1135047546       281.6673702019   1256532.1052438503   2387410.0000000000 )
 gdata_72=(  -0.548728148604184  20072635.9156343341 348601720.2029243708        16.0035282784       277.9334767302   1254263.1578755877   2383099.0000000000 )
 gdata_73=(  -0.539499350636272  19925232.8646065518 343577185.0461332202        15.8899472965       273.9954609186   1253952.1052440305   2382508.0000000000 )
 gdata_74=(  -0.530270552668360  19721944.8272906505 337747002.4259688854        15.7737568773       270.1325426546   1250301.0526127066   2375571.0000000000 )
 gdata_75=(  -0.521041754700448  19524920.7680671550 332010361.8022800684        15.6556777029       266.2160466690   1247146.3157708216   2369577.0000000000 )
 gdata_76=(  -0.511812956732536  19385264.2861753739 327487756.0341238976        15.5486378877       262.6731550343   1246749.9999813756   2368824.0000000000 )
 gdata_77=(  -0.502584158764623  19226544.0853340216 322349218.7199974656        15.4283583470       258.6694331137   1246182.1052445732   2367745.0000000000 )
 gdata_78=(  -0.493355360796711  19067434.5240032375 317547886.6489067674        15.3198066620       255.1351217833   1244626.3157709977   2364789.0000000000 )
 gdata_79=(  -0.484126562828800  18891588.5080842301 312392489.5259791017        15.2076027662       251.4738708096   1242246.3157711639   2360267.0000000000 )
 gdata_80=(  -0.474897764860888  18733203.0571534894 307595101.3565078378        15.0921695049       247.8101259237   1241253.1578764964   2358380.0000000000 )
 gdata_81=(  -0.465668966892975  18571733.5326214992 302790257.8197072148        14.9812359151       244.2514198922   1239666.3157713441   2355365.0000000000 )
 gdata_82=(  -0.456440168925063  18415557.9729888439 298240350.3553739190        14.8730862825       240.8699465019   1238179.9999819743   2352541.0000000000 )
 gdata_83=(  -0.447211370957151  18238387.0356441848 293257577.9765836596        14.7572836328       237.2844291112   1235890.5262979236   2348191.0000000000 )
 gdata_84=(  -0.437982572989239  18072955.9959980138 288405831.0919275284        14.6413227663       233.6442838478   1234379.9999822397   2345321.0000000000 )
 gdata_85=(  -0.428753775021327  17949110.0315649174 284502018.5824393630        14.5364243015       230.4093099596   1234767.8947190547   2346058.0000000000 )
 gdata_86=(  -0.419524977053415  17744991.9020300582 279065663.9812852740        14.4168413201       226.7256822499   1230851.5789298546   2338617.0000000000 )
 gdata_87=(  -0.410296179085503  17558341.9660316370 274093375.7346895933        14.3027561412       223.2722611641   1227619.4736669224   2332476.0000000000 )
 gdata_88=(  -0.401067381117591  17417434.8351847231 269970036.9541732669        14.1924415286       219.9826782884   1227233.1578774757   2331742.0000000000 )
 gdata_89=(  -0.391838583149679  17252761.3477419652 265423179.5104001462        14.0789145836       216.5954885436   1225432.6315618120   2328321.0000000000 )
 gdata_90=(  -0.382609785181767  17093236.0407693908 260947552.3182118237        13.9639753175       213.1758533635   1224095.2631408528   2325780.0000000000 )
 gdata_91=(  -0.373380987213855  16948135.4386429526 256998261.8884857893        13.8628608954       210.2137528833   1222556.8420883287   2322857.0000000000 )
 gdata_92=(  -0.364152189245943  16795419.1242400073 252713962.9609221518        13.7472192571       206.8489171036   1221732.1052462810   2321290.0000000000 )
 gdata_93=(  -0.354923391278031  16620343.3459882345 248072536.6236059964        13.6305179334       203.4468896841   1219347.8947201318   2316760.0000000000 )
 gdata_94=(  -0.345694593310119  16458555.1256656088 243798452.4182051122        13.5170115330       200.2257469074   1217617.8947202526   2313473.0000000000 )
 gdata_95=(  -0.336465795342207  16309467.0726869255 239827917.2764521241        13.4129654268       197.2353571381   1215947.8947203693   2310300.0000000000 )
 gdata_96=(  -0.327236997374295  16137031.3638715073 235370552.1649758816        13.2912086976       193.8621212015   1214113.1578783921   2306814.0000000000 )
 gdata_97=(  -0.318008199406383  15999233.4957795143 231570941.9184258878        13.1838843763       190.8219243109   1213544.7368258003   2305734.0000000000 )
 gdata_98=(  -0.308779401438471  15823503.1878338587 227305116.8628152907        13.0743750004       187.8138046997   1210268.4210365554   2299509.0000000000 )
 gdata_99=(  -0.299550603470559  15678871.1827087700 223353674.5898281336        12.9579758697       184.5931057171   1209978.4210365757   2298958.0000000000 )
 gdata_100=(  -0.290321805502647  15521165.8005406614 219408810.8738519251        12.8497053049       181.6447680058   1207900.5262998787   2295010.0000000000 )
 gdata_101=(  -0.281093007534735  15380494.2100781444 215628295.7955032587        12.7346551289       178.5347041176   1207766.8420893617   2294756.0000000000 )
 gdata_102=(  -0.271864209566823  15223203.2583068870 211759945.5568109453        12.6271369965       175.6477790874   1205594.2105105661   2290628.0000000000 )
 gdata_103=(  -0.262635411598911  15061376.5145943239 207711434.1588670611        12.5105973962       172.5336409213   1203889.4736685799   2287389.0000000000 )
 gdata_104=(  -0.253406613630999  14908994.5237835422 203933659.5086334050        12.4016704773       169.6370630770   1202176.3157739628   2284134.0000000000 )
 gdata_105=(  -0.244177815663087  14779732.0982453078 200449343.2474860549        12.2876966724       166.6512431772   1202807.3684054976   2285333.0000000000 )
 gdata_106=(  -0.234949017695175  14620133.5238834694 196699461.9517060816        12.1815051795       163.8901252621   1200191.0526162067   2280362.0000000000 )
 gdata_107=(  -0.225720219727263  14451705.4351768028 192678256.0784159899        12.0632143836       160.8335514840   1197997.8947216230   2276195.0000000000 )
 gdata_108=(  -0.216491421759351  14318421.2379823048 189316934.9665842950        11.9563656835       158.0860394396   1197556.3157742855   2275356.0000000000 )
 gdata_109=(  -0.207262623791439  14176168.8602346256 185897155.0620804131        11.8501679916       155.3954766172   1196284.2105112164   2272939.0000000000 )
 gdata_110=(  -0.198033825823527  14010137.4799367674 182015002.5502079427        11.7331525027       152.4331781724   1194064.2105113715   2268721.0000000000 )
 gdata_111=(  -0.188805027855615  13875814.7992500495 178696215.0603172779        11.6212239550       149.6610300126   1194006.3157745334   2268611.0000000000 )
 gdata_112=(  -0.179576229887703  13738936.7918998171 175431873.2552323639        11.5169274809       147.0591351220   1192934.2105114504   2266574.0000000000 )
 gdata_113=(  -0.170347431919791  13577313.0981022641 171742283.1123192608        11.4048056647       144.2617806006   1190490.5263010948   2261931.0000000000 )
 gdata_114=(  -0.161118633951879  13455641.8605100308 168665167.9859434664        11.2967098117       141.6031637750   1191111.5789326304   2263111.0000000000 )
 gdata_115=(  -0.151889835983967  13308673.7690245677 165379878.9981110096        11.1884109986       139.0324903322   1189505.2631432689   2260059.0000000000 )
 gdata_116=(  -0.142661038016055  13171222.5540384687 162232554.0881541967        11.0857531650       136.5454150188   1188121.5789328392   2257430.0000000000 )
 gdata_117=(  -0.133432240048143  13036570.3602720499 159101446.5164134502        10.9772887636       133.9694776195   1187594.7368276129   2256429.0000000000 )
 gdata_118=(  -0.124203442080231  12902411.1818291582 155954993.9453507066        10.8651883638       131.3305212187   1187499.9999855142   2256249.0000000000 )
 gdata_119=(  -0.114974644112319  12771520.5561769977 152938424.5524698794        10.7633845677       128.8910800707   1186571.0526171580   2254484.0000000000 )
 gdata_120=(  -0.105745846144407  12609401.2084889784 149561858.6646982431        10.6555065760       126.3864431122   1183369.4736700132   2248401.0000000000 )
 gdata_121=(  -0.096517048176495  12474144.6502802428 146509659.3594342172        10.5480252715       123.8872590282   1182604.7368279614   2246948.0000000000 )
 gdata_122=(  -0.087288250208583  12361295.7027890552 143891430.8438624442        10.4497178220       121.6397443667   1182931.0526174123   2247568.0000000000 )
 gdata_123=(  -0.078059452240671  12224405.3373101279 140882469.7598662376        10.3420075541       119.1884207281   1182014.7368280026   2245827.0000000000 )
 gdata_124=(  -0.068830654272759  12099844.7441516016 138059285.0391968489        10.2378995133       116.8144812594   1181867.8947227497   2245548.0000000000 )
 gdata_125=(  -0.059601856304847  11977865.3570082728 135386727.9064972103        10.1383475667       114.5945176813   1181441.5789333058   2244738.0000000000 )
 gdata_126=(  -0.050373058336935  11846275.4950480554 132570423.6957616359        10.0366737779       112.3193611186   1180298.9473544382   2242567.0000000000 )
 gdata_127=(  -0.041144260369023  11733088.0760734025 130057913.1182684004         9.9405194378       110.1878043542   1180329.4736702256   2242625.0000000000 )
 gdata_128=(  -0.031915462401111  11590361.8175458629 127114846.3271227926         9.8338147694       107.8502874113   1178623.1578808711   2239383.0000000000 )
 gdata_129=(  -0.022686664433199  11492112.5940557178 124825508.0527335256         9.7382271349       105.7750817962   1180103.1578807677   2242195.0000000000 )
 gdata_130=(  -0.013457866465287  11357210.1217516810 122131591.0683425963         9.6413794847       103.6801295332   1177965.2631440749   2238133.0000000000 )
 gdata_131=(  -0.004229068497375  11264666.2079791911 119930236.9101693034         9.5490829849       101.6651326819   1179659.4736702724   2241352.0000000000 )
 gdata_132=(   0.004999729470537  11127201.8691886738 117248231.7511153966         9.4492109830        99.5671052094   1177579.9999862071   2237401.0000000000 )
 gdata_133=(   0.014228527438449  11012915.1896136813 114924476.5632289052         9.3584329101        97.6592469047   1176790.5263020517   2235901.0000000000 )
 gdata_134=(   0.023457325406361  10919064.3750236928 112803721.6653743386         9.2656318739        95.7222819698   1178447.8947229886   2239050.0000000000 )
 gdata_135=(   0.032686123374273  10809752.0046349876 110547269.2480127662         9.1746096197        93.8252828960   1178224.7368282673   2238626.0000000000 )
 gdata_136=(   0.041914921342185  10689514.2312828638 108128415.1419812888         9.0776162474        91.8234670785   1177568.4210388395   2237379.0000000000 )
 gdata_137=(   0.051143719310097  10600308.2117262240 106193344.6598610133         8.9953526565        90.1149821220   1178420.5263019379   2238998.0000000000 )
 gdata_138=(   0.060372517278009  10494522.2580303568 104063074.2821536064         8.9069279764        88.3205814272   1178242.6315651082   2238660.0000000000 )
 gdata_139=(   0.069601315245921  10394906.5811674241 101981479.4097743183         8.8168484788        86.4995990658   1178982.1052492671   2240065.0000000000 )
 gdata_140=(   0.078830113213833  10283922.6308898088  99862536.6468122303         8.7303285085        84.7762844894   1177953.6841967073   2238111.0000000000 )
 gdata_141=(   0.088058911181745  10199871.6927353237  98146671.2747641951         8.6540451545        83.2721970004   1178624.7368282394   2239386.0000000000 )
 gdata_142=(   0.097287709149657  10098838.5194193944  96148406.5852930397         8.5669237577        81.5634458417   1178817.3684071733   2239752.0000000000 )
 gdata_143=(   0.106516507117569  10009687.4290472213  94298304.4702844173         8.4837660173        79.9230502077   1179863.6841965739   2241740.0000000000 )
 gdata_144=(   0.115745305085481   9912813.5552106611  92436543.2235866785         8.4038755796        78.3657640617   1179552.6315650167   2241149.0000000000 )
 gdata_145=(   0.124974103053393   9814646.4385151695  90623741.1405690312         8.3257930665        76.8763826976   1178824.2105124360   2239765.0000000000 )
 gdata_146=(   0.134202901021305   9729092.3248597998  88899756.3180227280         8.2485217439        75.3710159726   1179495.2631439681   2241040.0000000000 )
 gdata_147=(   0.143431698989217   9662026.0039408430  87414771.1766626537         8.1721304862        73.9353129646   1182314.2105121922   2246396.0000000000 )
 gdata_148=(   0.152660496957129   9554285.3885060288  85539132.2988151908         8.0929679772        72.4560163676   1180566.3157754722   2243075.0000000000 )
 gdata_149=(   0.161889294925041   9466881.0621633157  83937834.7163094580         8.0214353072        71.1218305774   1180197.8947228664   2242375.0000000000 )
 gdata_150=(   0.171118092892953   9399610.9979158845  82503740.1048624516         7.9476929804        69.7597375289   1182684.2105121664   2247099.0000000000 )
 gdata_151=(   0.180346890860865   9324837.1510377321  81007856.3253317922         7.8750139289        68.4127761781   1184104.2105120672   2249797.0000000000 )
 gdata_152=(   0.189575688828777   9252896.2096325140  79669055.8721625954         7.8108004546        67.2523590159   1184628.4210383464   2250793.0000000000 )
 gdata_153=(   0.198804486796689   9175583.9702098779  78196082.4192715734         7.7400870562        65.9625030239   1185462.6315646039   2252378.0000000000 )
 gdata_154=(   0.208033284764601   9107619.6232846566  76884594.2490033060         7.6750341116        64.7910110349   1186655.2631434679   2254644.0000000000 )
 gdata_155=(   0.217262082732513   9028172.5013882313  75480559.4094097763         7.6076551212        63.6042415285   1186722.1052487264   2254771.0000000000 )
 gdata_156=(   0.226490880700425   8963908.3947172426  74207498.5818629414         7.5423467312        62.4391347741   1188477.3684064986   2258106.0000000000 )
 gdata_157=(   0.235719678668337   8882162.7834125571  72814318.4051378667         7.4767435567        61.2929529940   1187972.1052486391   2257146.0000000000 )
 gdata_158=(   0.244948476636249   8834678.2133581936  71711568.4748638272         7.4119438822        60.1631557375   1191951.5789325717   2264707.0000000000 )
 gdata_159=(   0.254177274604161   8773104.2695571985  70599677.5130982101         7.3561151639        59.1967611874   1192627.3684062087   2265991.0000000000 )
 gdata_160=(   0.263406072572073   8706881.5060613547  69410645.1985173970         7.2952569630        58.1572739150   1193498.9473535162   2267647.0000000000 )
 gdata_161=(   0.272634870539985   8638416.7754730377  68225902.2855775803         7.2361467482        57.1508244856   1193786.8420903382   2268194.0000000000 )
 gdata_162=(   0.281863668507897   8584815.4252899308  67209382.5098887235         7.1812638610        56.2211632785   1195446.3157744328   2271347.0000000000 )
 gdata_163=(   0.291092466475809   8519101.7541727461  66103458.5342840254         7.1247693859        55.2842202453   1195702.1052480992   2271833.0000000000 )
 gdata_164=(   0.300321264443721   8456120.9397890419  65017286.9386012703         7.0696259070        54.3568261875   1196119.9999849121   2272627.0000000000 )
 gdata_165=(   0.309550062411633   8406383.1273289714  64055555.8492649570         7.0142501361        53.4476819016   1198472.1052479057   2277096.0000000000 )
 gdata_166=(   0.318778860379545   8349534.1367273061  63044926.3896412998         6.9585646704        52.5421167507   1199893.1578793854   2279796.0000000000 )
 gdata_167=(   0.328007658347457   8292772.8446592782  62092343.3484010473         6.9089652800        51.7310497201   1200291.5789319891   2280553.0000000000 )
 gdata_168=(   0.337236456315369   8240645.3344809227  61199943.3103961647         6.8602178552        50.9480661761   1201222.1052477136   2282321.0000000000 )
 gdata_169=(   0.346465254283281   8193972.9690504167  60314309.2352507040         6.8082533350        50.1142850420   1203535.2631422889   2286716.0000000000 )
 gdata_170=(   0.355694052251193   8141103.1412673956  59440207.8254895583         6.7608653612        49.3627503762   1204151.0526159301   2287886.0000000000 )
 gdata_171=(   0.364922850219105   8106764.7335283477  58721824.4335877374         6.7145430963        48.6371855867   1207344.2105104439   2293953.0000000000 )
 gdata_172=(   0.374151648187017   8054321.1883193040  57860512.0482733399         6.6678097999        47.9001122803   1207941.0526156654   2295087.0000000000 )
 gdata_173=(   0.383380446154929   7998929.0152566852  57011162.7306810990         6.6223801621        47.2000179481   1207863.1578788287   2294939.0000000000 )
 gdata_174=(   0.392609244122841   7965164.6687599011  56331539.9093296826         6.5787687851        46.5266183168   1210737.8947207332   2300401.0000000000 )
 gdata_175=(   0.401838042090753   7911489.0829212591  55518807.6609800160         6.5353335735        45.8616480241   1210571.5789312711   2300085.0000000000 )
 gdata_176=(   0.411066840058665   7872641.7437742464  54804214.2584984824         6.4902803484        45.1811128194   1212989.4736679443   2304679.0000000000 )
 gdata_177=(   0.420295638026577   7842765.1339888573  54206170.8037548214         6.4501700298        44.5810900080   1215900.5262993199   2310210.0000000000 )
 gdata_178=(   0.429524435994489   7785854.5262808120  53400622.7697760686         6.4087658951        43.9556234746   1214875.7894572862   2308263.0000000000 )
 gdata_179=(   0.438753233962401   7756971.1647656746  52808256.0023327842         6.3688941494        43.3584430762   1217946.3157728612   2314097.0000000000 )
 gdata_180=(   0.447982031930313   7710481.8201687550  52104105.0852181017         6.3278144072        42.7606360433   1218506.3157728221   2315161.0000000000 )
 gdata_181=(   0.457210829898225   7671557.0828864202  51457396.5287657753         6.2875864924        42.1743366897   1220111.5789306047   2318211.0000000000 )
 gdata_182=(   0.466439627866137   7629312.1882263022  50835978.1130376756         6.2519136142        41.6580336229   1220316.3157726957   2318600.0000000000 )
 gdata_183=(   0.475668425834049   7601162.2556089805  50298136.0794124827         6.2150358863        41.1259107798   1223027.8947198747   2323752.0000000000 )
 gdata_184=(   0.484897223801961   7572490.0172107071  49732618.3631222323         6.1756942454        40.5591086073   1226176.3157722864   2329734.0000000000 )
 gdata_185=(   0.494126021769873   7537448.3554327767  49168001.2498652190         6.1396555877        40.0499717376   1227666.3157721823   2332565.0000000000 )
 gdata_186=(   0.503354819737785   7508043.8564861370  48672714.6874059737         6.1068941367        39.5894219082   1229437.3684036375   2335930.0000000000 )
 gdata_187=(   0.512583617705697   7460089.1677100779  48031223.6405093744         6.0712311374        39.0891655555   1228760.5262984217   2334644.0000000000 )
 gdata_188=(   0.521812415673609   7435421.6558211697  47560868.7740872875         6.0371766027        38.6169577809   1231605.7894561177   2340050.0000000000 )
 gdata_189=(   0.531041213641521   7395277.4273163788  47018523.7542296425         6.0053078391        38.1812193065   1231456.8420877070   2339767.0000000000 )
 gdata_190=(   0.540270011609433   7363404.1089351494  46491893.0738908201         5.9701195935        37.6948158315   1233376.3157717835   2343414.0000000000 )
 gdata_191=(   0.549498809577345   7338661.3228407782  46050031.7327194214         5.9387432550        37.2655588418   1235726.3157716193   2347879.0000000000 )
 gdata_192=(   0.558727607545257   7306514.7715897905  45566993.0129757375         5.9072063939        36.8402228550   1236881.5789294334   2350074.0000000000 )
 gdata_193=(   0.567956405513169   7277631.6630155239  45112636.5533806831         5.8768928185        36.4297263256   1238346.8420872258   2352858.0000000000 )
 gdata_194=(   0.577185203481081   7242892.0410861084  44615226.9682835788         5.8450958255        36.0049929539   1239139.9999819072   2354365.0000000000 )
 gdata_195=(   0.586414001448993   7220522.8053610753  44212251.9564761743         5.8146948504        35.6041744768   1241771.5789290918   2359365.0000000000 )
 gdata_196=(   0.595642799416905   7191120.6100060726  43776857.0042457655         5.7846254632        35.2146397564   1243143.6841921539   2361972.0000000000 )
 gdata_197=(   0.604871597384817   7166591.2725905096  43364570.6599507034         5.7546366524        34.8209264690   1245359.4736656833   2366182.0000000000 )
 gdata_198=(   0.614100395352730   7148734.5286126053  43019505.7025352865         5.7279980654        34.4698274153   1248033.6841918123   2371263.0000000000 )
 gdata_199=(   0.623329193320642   7123481.0755669279  42636480.9015058726         5.7006354668        34.1202612360   1249594.2105074928   2374228.0000000000 )
 gdata_200=(   0.632557991288554   7091864.6051910594  42190276.2743879110         5.6712804818        33.7390663356   1250487.3684021672   2375925.0000000000 )
 gdata_201=(   0.641786789256465   7074283.9586769883  41850558.0400701687         5.6438311822        33.3881825832   1253454.2105072231   2381562.0000000000 )
 gdata_202=(   0.651015587224377   7044225.1965809064  41460457.5989982784         5.6183854285        33.0683395738   1253781.0526124635   2382183.0000000000 )
 gdata_203=(   0.660244385192289   7017109.7022950063  41073065.4440993369         5.5914866172        32.7285029734   1254963.1578755388   2384429.0000000000 )
 gdata_204=(   0.669473183160201   6997879.5250010202  40746259.7483725473         5.5659205087        32.4084520140   1257272.6315595880   2388817.0000000000 )
 gdata_205=(   0.678701981128113   6972321.4962796727  40377560.8208516091         5.5393962940        32.0793168948   1258678.9473489635   2391489.0000000000 )
 gdata_206=(   0.687930779096025   6945047.1830764497  40009716.6371307597         5.5147963579        31.7701858279   1259347.8947173378   2392760.0000000000 )
 gdata_207=(   0.697159577063938   6932380.9205763759  39729433.6269979253         5.4892922213        31.4591009156   1262891.5789276166   2399493.0000000000 )
 gdata_208=(   0.706388375031850   6904017.6060792916  39364999.5915326774         5.4646514289        31.1580899035   1263395.7894538972   2400451.0000000000 )
 gdata_209=(   0.715617172999762   6886360.6396137411  39073305.6398224533         5.4414178933        30.8746804859   1265545.2631379575   2404535.0000000000 )
 gdata_210=(   0.724845970967674   6872498.3948979117  38803968.6378500834         5.4180645834        30.5918453656   1268441.5789272289   2410038.0000000000 )
 gdata_211=(   0.734074768935586   6841246.9797815690  38446916.8542479724         5.3957128016        30.3232030745   1267904.2105062138   2409017.0000000000 )
 gdata_212=(   0.743303566903498   6822734.1536395568  38155425.2520375401         5.3724720759        30.0449866716   1269943.1578744925   2412891.0000000000 )
 gdata_213=(   0.752532364871410   6791784.4938844098  37803016.3542335853         5.3501788129        29.7790510495   1269449.9999797901   2411954.0000000000 )
 gdata_214=(   0.761761162839321   6779001.1007497730  37541890.9405609518         5.3262717062        29.4967220896   1272747.8947164018   2418220.0000000000 )
 gdata_215=(   0.770989960807233   6756888.1209450914  37263801.4721121043         5.3066547800        29.2658582863   1273285.7894532064   2419242.0000000000 )
 gdata_216=(   0.780218758775146   6743450.3753394233  37000213.4012401178         5.2825151933        28.9843001088   1276560.5262950829   2425464.0000000000 )
 gdata_217=(   0.789447556743058   6722258.1972405771  36713980.0226659328         5.2612504763        28.7346066177   1277692.1052423723   2427614.0000000000 )
 gdata_218=(   0.798676354710970   6699121.6444821479  36418261.2743036672         5.2400233525        28.4862030672   1278452.6315581086   2429059.0000000000 )
 gdata_219=(   0.807905152678882   6679588.0672932751  36144896.0755228698         5.2184153033        28.2381303930   1280003.1578737898   2432005.0000000000 )
 gdata_220=(   0.817133950646794   6675690.0451415284  35968063.8124387711         5.1983663206        28.0083662176   1284189.9999787605   2439960.0000000000 )
 gdata_221=(   0.826362748614706   6648518.4615520621  35661060.7662550509         5.1773011447        27.7698034224   1284166.8420840253   2439916.0000000000 )
 gdata_222=(   0.835591546582618   6639352.1968919681  35468009.8125960529         5.1586573482        27.5580062662   1287031.0526101410   2445358.0000000000 )
 gdata_223=(   0.844820344550530   6611744.6514643123  35158443.9624392390         5.1372845122        27.3178925024   1287011.5789259318   2445321.0000000000 )
 gdata_224=(   0.854049142518442   6602965.5013153767  34963905.6189955249         5.1178679631        27.1000435179   1290178.9473467632   2451339.0000000000 )
 gdata_225=(   0.863277940486354   6588507.3961927975  34752877.3803448305         5.1002908460        26.9028737036   1291790.5262940191   2454401.0000000000 )
 gdata_226=(   0.872506738454266   6576095.3022065079  34524128.4874161556         5.0790690925        26.6648255364   1294744.2105043402   2460013.0000000000 )
 gdata_227=(   0.881735536422178   6558877.1736649601  34301804.3127598837         5.0614128853        26.4703225478   1295858.9473463688   2462131.0000000000 )
 gdata_228=(   0.890964334390089   6536526.9792091362  34043505.5716089159         5.0422220222        26.2608743225   1296358.4210305451   2463080.0000000000 )
 gdata_229=(   0.900193132358001   6514070.4874797650  33785886.8560781553         5.0236021128        26.0554215552   1296693.1578726277   2463716.0000000000 )
 gdata_230=(   0.909421930325914   6507225.4605621789  33611357.8415377066         5.0048630394        25.8513007708   1300180.5262934424   2470342.0000000000 )
 gdata_231=(   0.918650728293826   6492094.0812844010  33401101.9802704416         4.9871142428        25.6581480990   1301773.6841880712   2473369.0000000000 )
 gdata_232=(   0.927879526261738   6487138.7783918390  33235350.2441589423         4.9680762510        25.4527858710   1305764.7368193790   2480952.0000000000 )
 gdata_233=(   0.937108324229650   6467124.4595954418  33012398.1807975732         4.9516089602        25.2762240239   1306065.2631351487   2481523.0000000000 )
 gdata_234=(   0.946337122197562   6444251.4934885427  32757376.2337829992         4.9327105998        25.0739216392   1306432.1052403874   2482220.0000000000 )
 gdata_235=(   0.955565920165474   6433747.3189545032  32570050.9256262295         4.9144284766        24.8786869952   1309154.7368191555   2487393.0000000000 )
 gdata_236=(   0.964794718133386   6419406.6077173091  32374001.3564009629         4.8974435434        24.6985202227   1310766.8420822071   2490456.0000000000 )
 gdata_237=(   0.974023516101298   6409153.4192771334  32194699.1095530838         4.8798515922        24.5126529876   1313391.0526083529   2495442.0000000000 )
 gdata_238=(   0.983252314069210   6388557.6539359353  31967584.3623871207         4.8628334284        24.3330413971   1313752.1052399091   2496128.0000000000 )
 gdata_239=(   0.992481112037122   6376381.1193152806  31791525.5282691643         4.8464819570        24.1637148053   1315672.1052397862   2499776.0000000000 )
 gdata_240=(   1.001709910005034   6371287.2020629058  31633387.1219930239         4.8281707846        23.9718271482   1319606.8420816378   2507252.0000000000 )
 gdata_241=(   1.010938707972946   6349793.4090567539  31412118.7477501482         4.8123491639        23.8064569434   1319478.9473448039   2507009.0000000000 )
 gdata_242=(   1.020167505940858   6343614.7930663442  31271734.3717483468         4.7965123554        23.6450770074   1322547.3683972380   2512839.0000000000 )
 gdata_243=(   1.029396303908770   6328051.9196986044  31075903.5401980542         4.7800540561        23.4739696591   1323845.2631339978   2515305.0000000000 )
 gdata_244=(   1.038625101876682   6310336.5818940001  30878275.3696224913         4.7641002159        23.3121001466   1324559.9999760578   2516663.0000000000 )
 gdata_245=(   1.047853899844594   6296708.7213088516  30710564.0405703597         4.7496897672        23.1653802366   1325709.4736601966   2518847.0000000000 )
 gdata_246=(   1.057082697812506   6291408.5051047485  30559005.4561281577         4.7319590302        22.9843542517   1329556.8420810085   2526157.0000000000 )
 gdata_247=(   1.066311495780418   6276655.9892458161  30379505.2391909808         4.7166323290        22.8288688747   1330749.4736598826   2528423.0000000000 )
 gdata_248=(   1.075540293748330   6260404.8657631446  30190988.0286194123         4.7007614809        22.6695615760   1331785.2631335042   2530391.0000000000 )
 gdata_249=(   1.084769091716242   6246522.3735348508  30026517.4310907200         4.6866480399        22.5283302691   1332833.6841860700   2532383.0000000000 )
 gdata_250=(   1.093997889684154   6229201.6754371990  29829218.1932756416         4.6700363145        22.3629831646   1333865.7894491649   2534344.0000000000 )
 gdata_251=(   1.103226687652066   6226561.3900699727  29712351.9527302086         4.6549242243        22.2127010721   1337628.9473436750   2541494.0000000000 )
 gdata_252=(   1.112455485619978   6210844.1040433906  29538262.6193500720         4.6405703511        22.0701700831   1338379.4736594199   2542920.0000000000 )
 gdata_253=(   1.121684283587890   6195012.1375820842  29352897.9372354448         4.6246074215        21.9120845334   1339575.7894488222   2545193.0000000000 )
 gdata_254=(   1.130913081555802   6187851.3990926221  29224193.1181498356         4.6105613687        21.7749146079   1342103.6841855142   2549996.0000000000 )
 gdata_255=(   1.140141879523714   6175782.0656432090  29071937.2513332963         4.5966582031        21.6383540460   1343537.3683959567   2552720.0000000000 )
 gdata_256=(   1.149370677491626   6171576.0137647204  28949038.0033735037         4.5814884595        21.4904075118   1347067.8947115410   2559428.0000000000 )
 gdata_257=(   1.158599475459538   6147884.8767203894  28743454.8230163828         4.5674454000        21.3543622144   1346022.6315537060   2557442.0000000000 )
 gdata_258=(   1.167828273427450   6135360.2951871343  28590407.3599202931         4.5534134088        21.2186306871   1347419.9999746778   2560097.0000000000 )
 gdata_259=(   1.177057071395362   6121931.9271427011  28432301.0964084230         4.5391017545        21.0811079453   1348709.9999746059   2562548.0000000000 )
 gdata_260=(   1.186285869363274   6113373.0374205839  28306671.0798462853         4.5264391919        20.9587120864   1350592.1052376525   2566124.0000000000 )
 gdata_261=(   1.195514667331186   6095226.3600205826  28123559.9306695089         4.5114718076        20.8160682250   1351050.5262902558   2566995.0000000000 )
 gdata_262=(   1.204743465299098   6086568.4307674775  27985665.5967965797         4.4969402783        20.6766535641   1353491.0526059049   2571632.0000000000 )
 gdata_263=(   1.213972263267010   6073865.4389944673  27830800.0904162154         4.4821414265        20.5374292978   1355125.7894479197   2574738.0000000000 )
 gdata_264=(   1.223201061234922   6068705.7155186506  27723313.0219924524         4.4695137101        20.4178178101   1357799.9999740853   2579819.0000000000 )
 gdata_265=(   1.232429859202834   6055048.4821144845  27563341.0223937444         4.4548896388        20.2792170360   1359191.5789213756   2582463.0000000000 )
 gdata_266=(   1.241658657170746   6043973.4617659636  27425778.3619251586         4.4412879535        20.1532617282   1360860.5262897050   2585634.0000000000 )
 gdata_267=(   1.250887455138658   6034114.4381003845  27292438.5112859868         4.4282391483        20.0290276075   1362644.2105001316   2589023.0000000000 )
 gdata_268=(   1.260116253106570   6026305.3346814467  27174949.2383484021         4.4154596641        19.9110210272   1364819.4736579049   2593156.0000000000 )
 gdata_269=(   1.269345051074482   6015913.4691765411  27032829.1933508329         4.4008653670        19.7755240958   1366984.2104998934   2597269.0000000000 )
 gdata_270=(   1.278573849042394   6006429.5778460233  26900547.1830599047         4.3870765133        19.6480716561   1369118.9473418812   2601325.0000000000 )
 gdata_271=(   1.287802647010306   5991835.1054893248  26753324.7129753418         4.3744374937        19.5317035007   1369738.4210260573   2602502.0000000000 )
 gdata_272=(   1.297031444978218   5980310.4039820265  26614897.0417261422         4.3609380357        19.4080087799   1371335.7894470228   2605537.0000000000 )
 gdata_273=(   1.306260242946130   5975652.5460188882  26513468.9580153935         4.3485107666        19.2939774087   1374183.6841837110   2610948.0000000000 )
 gdata_274=(   1.315489040914042   5966283.8832130767  26381694.9696318470         4.3345180589        19.1663580728   1376458.4210256997   2615270.0000000000 )
 gdata_275=(   1.324717838881954   5954621.4748673430  26244002.9394805208         4.3212634813        19.0452494728   1377981.5789203555   2618164.0000000000 )
 gdata_276=(   1.333946636849866   5946246.2446068153  26127316.2963036299         4.3085783070        18.9315382483   1380094.7368149830   2622179.0000000000 )
 gdata_277=(   1.343175434817778   5936523.1114975465  26000318.2687092535         4.2956388210        18.8137019624   1381988.4210254110   2625777.0000000000 )
 gdata_278=(   1.352404232785690   5927732.1392035121  25877882.3361839950         4.2824571722        18.6953324156   1384189.4736568772   2629959.0000000000 )
 gdata_279=(   1.361633030753602   5919958.0066376785  25767235.7551541924         4.2704091022        18.5874017997   1386274.2104988755   2633920.0000000000 )
 gdata_280=(   1.370861828721514   5913192.9195385706  25656527.0118586868         4.2576487714        18.4733497108   1388839.9999724315   2638795.0000000000 )
 gdata_281=(   1.380090626689426   5905056.7826176938  25546038.5598316565         4.2457327900        18.3675885872   1390821.5789196996   2642560.0000000000 )
 gdata_282=(   1.389319424657338   5888532.7266178699  25388733.2385704406         4.2323144703        18.2478569886   1391326.8420775686   2643520.0000000000 )
 gdata_283=(   1.398548222625250   5885485.8652201835  25298045.0237929225         4.2202903459        18.1404046548   1394568.9473405604   2649680.0000000000 )
 gdata_284=(   1.407777020593162   5874748.8943148181  25172820.7793141454         4.2074876312        18.0287419900   1396260.5262878456   2652894.0000000000 )
 gdata_285=(   1.417005818561074   5861030.2938516019  25037323.0555279255         4.1952254861        17.9212886679   1397071.5789193851   2654435.0000000000 )
 gdata_286=(   1.426234616528986   5847691.8875270011  24907448.1588871367         4.1835787563        17.8193846386   1397772.6315509295   2655767.0000000000 )
 gdata_287=(   1.435463414496898   5837056.6765357228  24786779.1306249909         4.1714825091        17.7139989089   1399276.3157613834   2658624.0000000000 )
 gdata_288=(   1.444692212464810   5828392.8991648313  24678985.0326372012         4.1600208974        17.6146487098   1401048.9473402412   2661992.0000000000 )
 gdata_289=(   1.453921010432722   5820380.9370949455  24560554.2173435278         4.1464657913        17.4970502755   1403696.8420769626   2667023.0000000000 )
 gdata_290=(   1.463149808400634   5817344.6297117220  24478431.1101442911         4.1352492801        17.4004500456   1406769.9999715553   2672862.0000000000 )
 gdata_291=(   1.472378606368546   5806278.8450537631  24362447.0455273315         4.1240196161        17.3038898393   1407917.3683925532   2675042.0000000000 )
 gdata_292=(   1.481607404336458   5792944.5459426604  24230128.3762815483         4.1116651783        17.1978471952   1408904.7368135585   2676918.0000000000 )
 gdata_293=(   1.490836202304370   5782828.1925472198  24110218.8834087811         4.0990978583        17.0902788909   1410756.3157608388   2680436.0000000000 )
 gdata_294=(   1.500065000272282   5778462.4253219273  24022103.1520407014         4.0877208442        16.9933876087   1413614.7368133382   2685867.0000000000 )
 gdata_295=(   1.509293798240194   5758131.1444477504  23865099.7755128667         4.0761064925        16.8937951741   1412654.7368133822   2684043.0000000000 )
 gdata_296=(   1.518522596208106   5753104.1741420804  23766172.1450995021         4.0632921676        16.7855297260   1415872.6315500769   2690157.0000000000 )
 gdata_297=(   1.527751394176018   5737597.8675844073  23637579.9870581999         4.0525934850        16.6957505330   1415784.2104974501   2689989.0000000000 )
 gdata_298=(   1.536980192143930   5734761.6739877444  23551992.9865572937         4.0403106683        16.5930816192   1419386.3157604455   2696833.0000000000 )
 gdata_299=(   1.546208990111842   5719361.4077801174  23417697.9254529029         4.0286764480        16.4952555664   1419662.6315499069   2697358.0000000000 )
 gdata_300=(   1.555437788079754   5708347.7631631941  23303615.8225902244         4.0173232158        16.4002195977   1420933.1578656412   2699772.0000000000 )
 gdata_301=(   1.564666586047666   5704113.8693093723  23218632.3937604390         4.0060310870        16.3065754467   1423881.5789181457   2705374.0000000000 )
 gdata_302=(   1.573895384015578   5692766.5068007316  23103758.1472353861         3.9946951747        16.2122354881   1425081.5789180938   2707654.0000000000 )
 gdata_303=(   1.583124181983490   5693176.5782214180  23033479.2789348401         3.9826392912        16.1129798678   1429498.4210231605   2716046.0000000000 )
 gdata_304=(   1.592352979951402   5675028.2663079156  22894853.3002469614         3.9717218885        16.0231783383   1428858.4210231919   2714830.0000000000 )
 gdata_305=(   1.601581777919314   5670865.1660784958  22806694.3282138556         3.9599456416        15.9258362099   1432056.3157598979   2720906.0000000000 )
 gdata_306=(   1.610810575887226   5657943.4734455887  22688690.7846888453         3.9487832892        15.8348565068   1432832.1052335452   2722380.0000000000 )
 gdata_307=(   1.620039373855138   5645339.7822947763  22575328.1885530539         3.9382987142        15.7489875556   1433446.3157598348   2723547.0000000000 )
 gdata_308=(   1.629268171823050   5632331.4657215830  22452702.1714006253         3.9263967887        15.6521714390   1434478.4210229479   2725508.0000000000 )
 gdata_309=(   1.638496969790962   5632998.5887524774  22392404.8393622003         3.9158864865        15.5665076299   1438498.9473385736   2733147.0000000000 )
 gdata_310=(   1.647725767758874   5621861.0695943562  22276372.5336429551         3.9036450096        15.4680184011   1440156.8420753428   2736297.0000000000 )
 gdata_311=(   1.656954565726786   5620153.8654902093  22208625.6806342788         3.8932411730        15.3845495985   1443566.8420752019   2742776.0000000000 )
 gdata_312=(   1.666183363694698   5604707.9168967614  22083552.3540484868         3.8824988569        15.2977404074   1443582.6315488853   2742806.0000000000 )
 gdata_313=(   1.675412161662610   5601138.4576973151  22006893.6226607636         3.8718725503        15.2126015055   1446622.6315487570   2748582.0000000000 )
 gdata_314=(   1.684640959630522   5597286.6529558254  21927374.3439245634         3.8608030881        15.1246987747   1449772.6315486305   2754567.0000000000 )
 gdata_315=(   1.693869757598434   5590380.4277488058  21837232.1584515721         3.8501186793        15.0393942817   1452002.1052327517   2758803.0000000000 )
 gdata_316=(   1.703098555566346   5584980.5315169804  21748861.9302601516         3.8386342749        14.9482932617   1454939.4736536928   2764384.0000000000 )
 gdata_317=(   1.712327353534258   5563981.1123567559  21604893.6538693160         3.8279190765        14.8637788113   1453526.3157590122   2761699.0000000000 )
 gdata_318=(   1.721556151502170   5566523.2879353184  21555839.8953840733         3.8178510542        14.7842705065   1458025.2631272562   2770247.0000000000 )
 gdata_319=(   1.730784949470082   5556583.2871753508  21447964.1663088799         3.8058954278        14.6904499648   1459993.6841798078   2773987.0000000000 )
 gdata_320=(   1.740013747437994   5539447.8290160019  21322287.9899006896         3.7956132515        14.6099686005   1459434.2104956191   2772924.0000000000 )
 gdata_321=(   1.749242545405907   5540449.8549813591  21263339.6420338787         3.7847582639        14.5252826998   1463884.7368112362   2781380.0000000000 )
 gdata_322=(   1.758471343373819   5531433.1882557729  21166413.2871994190         3.7739502443        14.4412827340   1465687.8947059102   2784806.0000000000 )
 gdata_323=(   1.767700141341731   5519485.6820696872  21058796.7120168731         3.7631488506        14.3577483858   1466719.9999690258   2786767.0000000000 )
 gdata_324=(   1.776928939309643   5509708.5326298065  20961210.8366886787         3.7526706212        14.2767116674   1468209.9999689644   2789598.0000000000 )
 gdata_325=(   1.786157737277555   5504717.6028601099  20880821.9926155433         3.7419606761        14.1942276457   1471078.4210214843   2795048.0000000000 )
 gdata_326=(   1.795386535245467   5496050.7654997064  20788596.5790287666         3.7316340309        14.1147594443   1472826.8420740494   2798370.0000000000 )
 gdata_327=(   1.804615333213379   5491772.6973821316  20708936.1305420883         3.7204452273        14.0294339977   1476106.3157581375   2804601.0000000000 )
 gdata_328=(   1.813844131181291   5483070.6828721585  20619851.5046511665         3.7106509264        13.9544199797   1477657.3683896565   2807548.0000000000 )
 gdata_329=(   1.823072929149202   5474527.7703886898  20525173.0597787388         3.6997433570        13.8711274954   1479704.7368106321   2811438.0000000000 )
 gdata_330=(   1.832301727117114   5467218.6523309341  20439318.6898919865         3.6895478794        13.7934569154   1481812.6315474000   2815443.0000000000 )
 gdata_331=(   1.841530525085026   5462067.1910393126  20358797.5732834674         3.6787738315        13.7119169601   1484752.1052315065   2821028.0000000000 )
 gdata_332=(   1.850759323052938   5453550.1855932781  20271141.5547854193         3.6688718748        13.6373955663   1486437.8947051335   2824231.0000000000 )
 gdata_333=(   1.859988121020850   5445508.6342618214  20186215.8782033250         3.6591319645        13.5642109347   1488196.8420734929   2827573.0000000000 )
 gdata_334=(   1.869216918988762   5438735.4935586285  20098566.7070705444         3.6481542064        13.4815658458   1490818.4210207656   2832554.0000000000 )
 gdata_335=(   1.878445716956674   5432452.0146377217  20021334.1648670621         3.6385225277        13.4097963862   1493037.8947048984   2836771.0000000000 )
 gdata_336=(   1.887674514924586   5423521.2430992806  19931296.6174814515         3.6283776042        13.3341913911   1494751.0525995782   2840026.0000000000 )
 gdata_337=(   1.896903312892498   5411041.7387868715  19828294.1198268868         3.6182425476        13.2587366527   1495488.9473363934   2841428.0000000000 )
 gdata_338=(   1.906132110860410   5400964.4162402125  19731077.2246289738         3.6075301623        13.1792122180   1497136.3157573922   2844558.0000000000 )
 gdata_339=(   1.915360908828322   5394967.9667550968  19652594.7465559430         3.5974102343        13.1045162653   1499681.0525994168   2849393.0000000000 )
 gdata_340=(   1.924589706796235   5386657.6459317328  19566529.8610563464         3.5874245257        13.0309839087   1501538.9473361995   2852923.0000000000 )
 gdata_341=(   1.933818504764147   5383253.6933603128  19499733.3958078995         3.5774920078        12.9587317173   1504756.3157571435   2859036.0000000000 )
 gdata_342=(   1.943047302732059   5371752.2550596902  19397038.2467057332         3.5666437954        12.8789122855   1506108.4210202557   2861605.0000000000 )
 gdata_343=(   1.952276100699971   5367985.8964755433  19325485.3973369375         3.5562193917        12.8028775131   1509464.2104938496   2867981.0000000000 )
 gdata_344=(   1.961504898667883   5364061.7053527236  19256377.1621437036         3.5462563168        12.7306606265   1512598.4210200689   2873936.0000000000 )
 gdata_345=(   1.970733696635795   5358745.7504238188  19183917.2853782512         3.5367093908        12.6611605731   1515178.4210199851   2878838.0000000000 )
 gdata_346=(   1.979962494603707   5351335.0144585688  19099474.8120035343         3.5262610661        12.5855948526   1517566.3157567449   2883375.0000000000 )
 gdata_347=(   1.989191292571619   5342789.0384923685  19012081.3011705801         3.5158632325        12.5110456616   1519623.6841777314   2887284.0000000000 )
 gdata_348=(   1.998420090539531   5341321.5074592289  18953102.6100912951         3.5061760471        12.4412871040   1523403.6841776117   2894466.0000000000 )
 gdata_349=(   2.007648888507442   5330891.9014987946  18858916.7765264437         3.4958996796        12.3673265816   1524898.4210196685   2897306.0000000000 )
 gdata_350=(   2.016877686475355   5324735.7321728664  18783268.1745868735         3.4861484035        12.2975606027   1527397.8947038015   2902055.0000000000 )
 gdata_351=(   2.026106484443266   5317452.1092617270  18705028.7027476095         3.4764347363        12.2289416417   1529570.5262826895   2906183.0000000000 )
 gdata_352=(   2.035335282411179   5305214.2857853742  18607269.4949791543         3.4665206484        12.1583182960   1530414.7368089806   2907787.0000000000 )
 gdata_353=(   2.044564080379090   5296685.5899752825  18521723.2741262391         3.4563382686        12.0863018703   1532455.7894404973   2911665.0000000000 )
 gdata_354=(   2.053792878347003   5290614.6665354278  18449324.4172312021         3.4468766945        12.0198786664   1534901.0525983206   2916311.0000000000 )
 gdata_355=(   2.063021676314914   5284673.2317889119  18373674.4882498644         3.4368375992        11.9491466259   1537655.7894403576   2921545.0000000000 )
 gdata_356=(   2.072250474282827   5277274.2499931548  18292181.5840776600         3.4265906661        11.8773093284   1540094.7368087075   2926179.0000000000 )
 gdata_357=(   2.081479272250738   5272231.2344323061  18222272.2174859829         3.4169346376        11.8098600663   1542971.0525981020   2931644.0000000000 )
 gdata_358=(   2.090708070218651   5262482.9609366162  18135207.5260314606         3.4070698358        11.7412101829   1544577.3683875278   2934696.0000000000 )
 gdata_359=(   2.099936868186563   5257340.1185904760  18063160.9219062105         3.3970854168        11.6717007394   1547603.1578611273   2940445.0000000000 )
 gdata_360=(   2.109165666154475   5257216.7878755182  18009465.7639335394         3.3872728250        11.6036633899   1552049.9999662621   2948894.0000000000 )
 gdata_361=(   2.118394464122387   5247659.6851786450  17920267.2636332884         3.3767831785        11.5313988866   1554041.0525977917   2952677.0000000000 )
 gdata_362=(   2.127623262090299   5243674.6383565748  17856994.3641723469         3.3676322771        11.4682536084   1557080.5262819212   2958452.0000000000 )
 gdata_363=(   2.136852060058211   5242405.0041423095  17795957.5958036445         3.3571735792        11.3963187908   1561553.1578607559   2966950.0000000000 )
 gdata_364=(   2.146080858026123   5234850.0527073098  17717758.1815306135         3.3473454033        11.3293515208   1563881.0525975374   2971373.0000000000 )
 gdata_365=(   2.155309655994035   5232985.9408433167  17661788.7288207226         3.3381119584        11.2664220446   1567648.4210184945   2978531.0000000000 )
 gdata_366=(   2.164538453961947   5224793.2739538727  17581329.4931928925         3.3282988244        11.1996619226   1569808.9473342332   2982636.0000000000 )
 gdata_367=(   2.173767251929859   5214961.9651199458  17495656.7222553380         3.3185057770        11.1332428296   1571478.9473341960   2985809.0000000000 )
 gdata_368=(   2.182996049897771   5211296.9808062427  17430925.8842231594         3.3086969651        11.0670437291   1575029.9999656845   2992556.0000000000 )
 gdata_369=(   2.192224847865683   5200373.5736719240  17337356.1277416535         3.2980420751        10.9952350866   1576806.3157551077   2995931.0000000000 )
 gdata_370=(   2.201453645833594   5195182.5912195984  17270145.0649343356         3.2886982515        10.9324927240   1579707.8947024075   3001444.0000000000 )
 gdata_371=(   2.210682443801507   5186114.6369316652  17186993.9859081507         3.2788166421        10.8661311704   1581703.1578602628   3005235.0000000000 )
 gdata_372=(   2.219911241769418   5187807.4968682807  17140798.5014013387         3.2691176266        10.8013426769   1586913.6841759314   3015135.0000000000 )
 gdata_373=(   2.229140039737331   5177532.3642555885  17057231.5536826700         3.2597722945        10.7392261269   1588311.0525969488   3017790.0000000000 )
 gdata_374=(   2.238368837705242   5178280.3750636494  17005939.5809837207         3.2496515300        10.6721485852   1593487.8947020867   3027626.0000000000 )
 gdata_375=(   2.247597635673155   5176900.4062250052  16948980.2966012284         3.2397605885        10.6068562405   1597926.8420704056   3036060.0000000000 )
 gdata_376=(   2.256826433641067   5179672.4980666842  16908268.5650619231         3.2303405157        10.5449649601   1603444.7368071256   3046544.0000000000 )
 gdata_377=(   2.266055231608979   5179087.2688168334  16856453.7330885157         3.2209561435        10.4832947179   1607934.7368070388   3055075.0000000000 )
 gdata_378=(   2.275284029576891   5186323.7107100375  16829156.4284726866         3.2113846739        10.4206559489   1614980.5262805866   3068462.0000000000 )
 gdata_379=(   2.284512827544803   5190050.3883235632  16794226.3250164278         3.2024332339        10.3625946759   1620658.4210173187   3079250.0000000000 )
 gdata_380=(   2.293741625512715   5206349.8503726013  16806137.1980254985         3.1947481152        10.3126713878   1629658.9473329533   3096351.0000000000 )
 gdata_381=(   2.302970423480627       421.5233358598      1359.0212134236         3.1908233786        10.2874415031       132.1048788481       250.0000000000 )
 gdata_382=(   2.312199221448539       421.5233358598      1359.0212134236         3.1908233786        10.2874415031       132.1048788481       250.0000000000 )
 gdata_383=(   2.321428019416451       421.5233358598      1359.0212134236         3.1908233786        10.2874415031       132.1048788481       250.0000000000 )
 gdata_384=(   2.330656817384363       421.5233358598      1359.0212134236         3.1908233786        10.2874415031       132.1048788481       250.0000000000 )
 gdata_385=(   2.339885615352275       421.5233358598      1359.0212134236         3.1908233786        10.2874415031       132.1048788481       250.0000000000 )
 gdata_386=(   2.349114413320187       421.5233358598      1359.0212134236         3.1908233786        10.2874415031       132.1048788481       250.0000000000 )
 gdata_387=(   2.358343211288099       421.5233358598      1359.0212134236         3.1908233786        10.2874415031       132.1048788481       250.0000000000 )
 gdata_388=(   2.367572009256011       421.5233358598      1359.0212134236         3.1908233786        10.2874415031       132.1048788481       250.0000000000 )
 gdata_389=(   2.376800807223923       421.5233358598      1359.0212134236         3.1908233786        10.2874415031       132.1048788481       250.0000000000 )
 gdata_390=(   2.386029605191835       421.5233358598      1359.0212134236         3.1908233786        10.2874415031       132.1048788481       250.0000000000 )
 gdata_391=(   2.395258403159747       421.5233358598      1359.0212134236         3.1908233786        10.2874415031       132.1048788481       250.0000000000 )
 gdata_392=(   2.404487201127659       421.5233358598      1359.0212134236         3.1908233786        10.2874415031       132.1048788481       250.0000000000 )
 gdata_393=(   2.413715999095571       421.5233358598      1359.0212134236         3.1908233786        10.2874415031       132.1048788481       250.0000000000 )
 gdata_394=(   2.422944797063483       421.5233358598      1359.0212134236         3.1908233786        10.2874415031       132.1048788481       250.0000000000 )
 gdata_395=(   2.432173595031395       421.5233358598      1359.0212134236         3.1908233786        10.2874415031       132.1048788481       250.0000000000 )
 gdata_396=(   2.441402392999307       421.5233358598      1359.0212134236         3.1908233786        10.2874415031       132.1048788481       250.0000000000 )
 gdata_397=(   2.450631190967219       421.5233358598      1359.0212134236         3.1908233786        10.2874415031       132.1048788481       250.0000000000 )
 gdata_398=(   2.459859988935131       421.5233358598      1359.0212134236         3.1908233786        10.2874415031       132.1048788481       250.0000000000 )
 gdata_399=(   2.469088786903043       421.5233358598      1359.0212134236         3.1908233786        10.2874415031       132.1048788481       250.0000000000 )
 gdata_400=(   2.478317584870955       421.5233358598      1359.0212134236         3.1908233786        10.2874415031       132.1048788481       250.0000000000 )
 gdata_401=(   2.487546382838867       421.5233358598      1359.0212134236         3.1908233786        10.2874415031       132.1048788481       250.0000000000 )
 gdata_402=(   2.496775180806779       421.5233358598      1359.0212134236         3.1908233786        10.2874415031       132.1048788481       250.0000000000 )
 gdata_403=(   2.506003978774691       421.5233358598      1359.0212134236         3.1908233786        10.2874415031       132.1048788481       250.0000000000 )
 gdata_404=(   2.515232776742603       421.5233358598      1359.0212134236         3.1908233786        10.2874415031       132.1048788481       250.0000000000 )
 gdata_405=(   2.524461574710515       421.5233358598      1359.0212134236         3.1908233786        10.2874415031       132.1048788481       250.0000000000 )
 gdata_406=(   2.533690372678427       421.5233358598      1359.0212134236         3.1908233786        10.2874415031       132.1048788481       250.0000000000 )
 gdata_407=(   2.542919170646339       421.5233358598      1359.0212134236         3.1908233786        10.2874415031       132.1048788481       250.0000000000 )
 gdata_408=(   2.552147968614251       421.5233358598      1359.0212134236         3.1908233786        10.2874415031       132.1048788481       250.0000000000 )
 gdata_409=(   2.561376766582163       421.5233358598      1359.0212134236         3.1908233786        10.2874415031       132.1048788481       250.0000000000 )
 gdata_410=(   2.570605564550075       421.5233358598      1359.0212134236         3.1908233786        10.2874415031       132.1048788481       250.0000000000 )
 gdata_411=(   2.579834362517987       421.5233358598      1359.0212134236         3.1908233786        10.2874415031       132.1048788481       250.0000000000 )
 gdata_412=(   2.589063160485899       421.5233358598      1359.0212134236         3.1908233786        10.2874415031       132.1048788481       250.0000000000 )
 gdata_413=(   2.598291958453811       421.5233358598      1359.0212134236         3.1908233786        10.2874415031       132.1048788481       250.0000000000 )
 gdata_414=(   2.607520756421724       421.5233358598      1359.0212134236         3.1908233786        10.2874415031       132.1048788481       250.0000000000 )
 gdata_415=(   2.616749554389635       421.5233358598      1359.0212134236         3.1908233786        10.2874415031       132.1048788481       250.0000000000 )
 gdata_416=(   2.625978352357548       421.5233358598      1359.0212134236         3.1908233786        10.2874415031       132.1048788481       250.0000000000 )
 gdata_417=(   2.635207150325459       421.5233358598      1359.0212134236         3.1908233786        10.2874415031       132.1048788481       250.0000000000 )
 gdata_418=(   2.644435948293371       421.5233358598      1359.0212134236         3.1908233786        10.2874415031       132.1048788481       250.0000000000 )
 gdata_419=(   2.653664746261283       421.5233358598      1359.0212134236         3.1908233786        10.2874415031       132.1048788481       250.0000000000 )
 gdata_420=(   2.662893544229195       421.5233358598      1359.0212134236         3.1908233786        10.2874415031       132.1048788481       250.0000000000 )
 gdata_421=(   2.672122342197107       421.5233358598      1359.0212134236         3.1908233786        10.2874415031       132.1048788481       250.0000000000 )
 gdata_422=(   2.681351140165019       421.5233358598      1359.0212134236         3.1908233786        10.2874415031       132.1048788481       250.0000000000 )
 gdata_423=(   2.690579938132931       421.5233358598      1359.0212134236         3.1908233786        10.2874415031       132.1048788481       250.0000000000 )
 gdata_424=(   2.699808736100843       421.5233358598      1359.0212134236         3.1908233786        10.2874415031       132.1048788481       250.0000000000 )
 gdata_425=(   2.709037534068755       421.5233358598      1359.0212134236         3.1908233786        10.2874415031       132.1048788481       250.0000000000 )
 gdata_426=(   2.718266332036667       421.5233358598      1359.0212134236         3.1908233786        10.2874415031       132.1048788481       250.0000000000 )
 gdata_427=(   2.727495130004579       421.5233358598      1359.0212134236         3.1908233786        10.2874415031       132.1048788481       250.0000000000 )
 gdata_428=(   2.736723927972491       421.5233358598      1359.0212134236         3.1908233786        10.2874415031       132.1048788481       250.0000000000 )
 gdata_429=(   2.745952725940403       421.5233358598      1359.0212134236         3.1908233786        10.2874415031       132.1048788481       250.0000000000 )
 gdata_430=(   2.755181523908315       421.5233358598      1359.0212134236         3.1908233786        10.2874415031       132.1048788481       250.0000000000 )
 gdata_431=(   2.764410321876228       421.5233358598      1359.0212134236         3.1908233786        10.2874415031       132.1048788481       250.0000000000 )
 gdata_432=(   2.773639119844139       421.5233358598      1359.0212134236         3.1908233786        10.2874415031       132.1048788481       250.0000000000 )
 gdata_433=(   2.782867917812052       421.5233358598      1359.0212134236         3.1908233786        10.2874415031       132.1048788481       250.0000000000 )
 gdata_434=(   2.792096715779963       421.5233358598      1359.0212134236         3.1908233786        10.2874415031       132.1048788481       250.0000000000 )
 gdata_435=(   2.801325513747876       421.5233358598      1359.0212134236         3.1908233786        10.2874415031       132.1048788481       250.0000000000 )
 gdata_436=(   2.810554311715787       421.5233358598      1359.0212134236         3.1908233786        10.2874415031       132.1048788481       250.0000000000 )
 gdata_437=(   2.819783109683700       421.5233358598      1359.0212134236         3.1908233786        10.2874415031       132.1048788481       250.0000000000 )
 gdata_438=(   2.829011907651611       421.5233358598      1359.0212134236         3.1908233786        10.2874415031       132.1048788481       250.0000000000 )
 gdata_439=(   2.838240705619524       421.5233358598      1359.0212134236         3.1908233786        10.2874415031       132.1048788481       250.0000000000 )
 gdata_440=(   2.847469503587436       421.5233358598      1359.0212134236         3.1908233786        10.2874415031       132.1048788481       250.0000000000 )
 gdata_441=(   2.856698301555348       421.5233358598      1359.0212134236         3.1908233786        10.2874415031       132.1048788481       250.0000000000 )
 gdata_442=(   2.865927099523260       421.5233358598      1359.0212134236         3.1908233786        10.2874415031       132.1048788481       250.0000000000 )
 gdata_443=(   2.875155897491172       421.5233358598      1359.0212134236         3.1908233786        10.2874415031       132.1048788481       250.0000000000 )
 gdata_444=(   2.884384695459084       421.5233358598      1359.0212134236         3.1908233786        10.2874415031       132.1048788481       250.0000000000 )
 gdata_445=(   2.893613493426995       421.5233358598      1359.0212134236         3.1908233786        10.2874415031       132.1048788481       250.0000000000 )
 gdata_446=(   2.902842291394908       421.5233358598      1359.0212134236         3.1908233786        10.2874415031       132.1048788481       250.0000000000 )
 gdata_447=(   2.912071089362819       421.5233358598      1359.0212134236         3.1908233786        10.2874415031       132.1048788481       250.0000000000 )
 gdata_448=(   2.921299887330732       421.5233358598      1359.0212134236         3.1908233786        10.2874415031       132.1048788481       250.0000000000 )
 gdata_449=(   2.930528685298643       421.5233358598      1359.0212134236         3.1908233786        10.2874415031       132.1048788481       250.0000000000 )
 gdata_450=(   2.939757483266556       421.5233358598      1359.0212134236         3.1908233786        10.2874415031       132.1048788481       250.0000000000 )
 gdata_451=(   2.948986281234467       421.5233358598      1359.0212134236         3.1908233786        10.2874415031       132.1048788481       250.0000000000 )
 gdata_452=(   2.958215079202380       421.5233358598      1359.0212134236         3.1908233786        10.2874415031       132.1048788481       250.0000000000 )
 gdata_453=(   2.967443877170291       421.5233358598      1359.0212134236         3.1908233786        10.2874415031       132.1048788481       250.0000000000 )
 gdata_454=(   2.976672675138204       421.5233358598      1359.0212134236         3.1908233786        10.2874415031       132.1048788481       250.0000000000 )
 gdata_455=(   2.985901473106115       421.5233358598      1359.0212134236         3.1908233786        10.2874415031       132.1048788481       250.0000000000 )
 gdata_456=(   2.995130271074028       421.5233358598      1359.0212134236         3.1908233786        10.2874415031       132.1048788481       250.0000000000 )
 gdata_457=(   3.004359069041939       421.5233358598      1359.0212134236         3.1908233786        10.2874415031       132.1048788481       250.0000000000 )
 gdata_458=(   3.013587867009852       421.5233358598      1359.0212134236         3.1908233786        10.2874415031       132.1048788481       250.0000000000 )
 gdata_459=(   3.022816664977764       421.5233358598      1359.0212134236         3.1908233786        10.2874415031       132.1048788481       250.0000000000 )
 gdata_460=(   3.032045462945676       421.5233358598      1359.0212134236         3.1908233786        10.2874415031       132.1048788481       250.0000000000 )
 gdata_461=(   3.041274260913588       421.5233358598      1359.0212134236         3.1908233786        10.2874415031       132.1048788481       250.0000000000 )
 gdata_462=(   3.050503058881500       421.5233358598      1359.0212134236         3.1908233786        10.2874415031       132.1048788481       250.0000000000 )
 gdata_463=(   3.059731856849412       421.5233358598      1359.0212134236         3.1908233786        10.2874415031       132.1048788481       250.0000000000 )
 gdata_464=(   3.068960654817324       421.5233358598      1359.0212134236         3.1908233786        10.2874415031       132.1048788481       250.0000000000 )
 gdata_465=(   3.078189452785236       421.5233358598      1359.0212134236         3.1908233786        10.2874415031       132.1048788481       250.0000000000 )
 gdata_466=(   3.087418250753148       421.5233358598      1359.0212134236         3.1908233786        10.2874415031       132.1048788481       250.0000000000 )
 gdata_467=(   3.096647048721060       421.5233358598      1359.0212134236         3.1908233786        10.2874415031       132.1048788481       250.0000000000 )
 gdata_468=(   3.105875846688972       421.5233358598      1359.0212134236         3.1908233786        10.2874415031       132.1048788481       250.0000000000 )
 gdata_469=(   3.115104644656884       421.5233358598      1359.0212134236         3.1908233786        10.2874415031       132.1048788481       250.0000000000 )
 gdata_470=(   3.124333442624796       421.5233358598      1359.0212134236         3.1908233786        10.2874415031       132.1048788481       250.0000000000 )
 gdata_471=(   3.133562240592708       421.5233358598      1359.0212134236         3.1908233786        10.2874415031       132.1048788481       250.0000000000 )
 gdata_472=(   3.142791038560619       421.5233358598      1359.0212134236         3.1908233786        10.2874415031       132.1048788481       250.0000000000 )
 gdata_473=(   3.152019836528532       421.5233358598      1359.0212134236         3.1908233786        10.2874415031       132.1048788481       250.0000000000 )
 gdata_474=(   3.161248634496443       421.5233358598      1359.0212134236         3.1908233786        10.2874415031       132.1048788481       250.0000000000 )
 gdata_475=(   3.170477432464356       421.5233358598      1359.0212134236         3.1908233786        10.2874415031       132.1048788481       250.0000000000 )
 gdata_476=(   3.179706230432267       421.5233358598      1359.0212134236         3.1908233786        10.2874415031       132.1048788481       250.0000000000 )
 gdata_477=(   3.188935028400180       421.5233358598      1359.0212134236         3.1908233786        10.2874415031       132.1048788481       250.0000000000 )
 gdata_478=(   3.198163826368092       421.5233358598      1359.0212134236         3.1908233786        10.2874415031       132.1048788481       250.0000000000 )
 gdata_479=(   3.207392624336004       421.5233358598      1359.0212134236         3.1908233786        10.2874415031       132.1048788481       250.0000000000 )
 gdata_480=(   3.216621422303916       421.5233358598      1359.0212134236         3.1908233786        10.2874415031       132.1048788481       250.0000000000 )
 gdata_481=(   3.225850220271828       421.5233358598      1359.0212134236         3.1908233786        10.2874415031       132.1048788481       250.0000000000 )
 gdata_482=(   3.235079018239740       421.5233358598      1359.0212134236         3.1908233786        10.2874415031       132.1048788481       250.0000000000 )
 gdata_483=(   3.244307816207652       421.5233358598      1359.0212134236         3.1908233786        10.2874415031       132.1048788481       250.0000000000 )
 gdata_484=(   3.253536614175564       421.5233358598      1359.0212134236         3.1908233786        10.2874415031       132.1048788481       250.0000000000 )
 gdata_485=(   3.262765412143476       421.5233358598      1359.0212134236         3.1908233786        10.2874415031       132.1048788481       250.0000000000 )
 gdata_486=(   3.271994210111388       421.5233358598      1359.0212134236         3.1908233786        10.2874415031       132.1048788481       250.0000000000 )
 gdata_487=(   3.281223008079300       421.5233358598      1359.0212134236         3.1908233786        10.2874415031       132.1048788481       250.0000000000 )
 gdata_488=(   3.290451806047212       421.5233358598      1359.0212134236         3.1908233786        10.2874415031       132.1048788481       250.0000000000 )
 gdata_489=(   3.299680604015124       421.5233358598      1359.0212134236         3.1908233786        10.2874415031       132.1048788481       250.0000000000 )
 gdata_490=(   3.308909401983036       421.5233358598      1359.0212134236         3.1908233786        10.2874415031       132.1048788481       250.0000000000 )
 gdata_491=(   3.318138199950948       421.5233358598      1359.0212134236         3.1908233786        10.2874415031       132.1048788481       250.0000000000 )
 gdata_492=(   3.327366997918860       421.5233358598      1359.0212134236         3.1908233786        10.2874415031       132.1048788481       250.0000000000 )
 gdata_493=(   3.336595795886772       421.5233358598      1359.0212134236         3.1908233786        10.2874415031       132.1048788481       250.0000000000 )
 gdata_494=(   3.345824593854684       421.5233358598      1359.0212134236         3.1908233786        10.2874415031       132.1048788481       250.0000000000 )
 gdata_495=(   3.355053391822596       421.5233358598      1359.0212134236         3.1908233786        10.2874415031       132.1048788481       250.0000000000 )
 gdata_496=(   3.364282189790508       421.5233358598      1359.0212134236         3.1908233786        10.2874415031       132.1048788481       250.0000000000 )
 gdata_497=(   3.373510987758420       421.5233358598      1359.0212134236         3.1908233786        10.2874415031       132.1048788481       250.0000000000 )
 gdata_498=(   3.382739785726332       421.5233358598      1359.0212134236         3.1908233786        10.2874415031       132.1048788481       250.0000000000 )
 gdata_499=(   3.391968583694244       421.5233358598      1359.0212134236         3.1908233786        10.2874415031       132.1048788481       250.0000000000 )
 gdata_500=(   3.401197381662155       421.5233358598      1359.0212134236         3.1908233786        10.2874415031       132.1048788481       250.0000000000 )
