 #adaptive kforce restart file
 adaptive_kforce_restart {
 iteration=           1300131363
 skip_iterations=              1000000
 kforce=  0.39348835445575531       # current value
 minimum_kforce=  0.10000000000000001     
 maximum_kforce=   10.000000000000000     
 kforce_distribution=POWERLAW # note that this is the distribution of the actual kforce, i.e. not mapped
 kforce_distribution_exponent=  -1.0000000000000000       # exponent for power-law distribution
 kforce_diffusion_exponent=   1.0000000000000000       # exponent for diffusion [D=offset+k^exp]
 kforce_diffusion_offset=  0.50000000000000000       # offset for diffusion [D=offset+k^exp]
 kforce_gridsize=         500  # number of points used for grid discretization
 average_damping_constant=  0.90000000000000002       # constant used in adaptive averaging (Cg)
 interp_width=          10  # number of bins on either side of current bin for interpolation
 random_seeds=(   646109852  1084935858   764525690   986961185 ) # current seeds from RNG for seamless restart
 # gdata_i (i=1, gridsize) ; for ith bin write : log(kforce (i)), SUM S(i), SUM S(i)^2, AVG S(i), AVG S(i)^2, WGT(i), NUM_SAMPLES(i) 
 gdata_1=(  -2.3025850929940455        42072501.667416349        1533526669.1697388        34.372382458844079        1252.8602553805895        1224020.5262987528        2325638.0000000000      )
 gdata_2=(  -2.2933562950261335        42485675.820257373        1547882666.5165012        34.360238870194138        1251.8482320853391        1236477.8947189352        2349307.0000000000      )
 gdata_3=(  -2.2841274970582215        42859391.216644220        1561922703.2906957        34.365171025573162        1252.3682512425803        1247175.2631392407        2369632.0000000000      )
 gdata_4=(  -2.2748986990903095        43231636.228480019        1575317257.0307584        34.361086616838818        1252.0833685720058        1258156.8420858420        2390497.0000000000      )
 gdata_5=(  -2.2656699011223975        43658852.673875526        1590664612.8676035        34.356304577670571        1251.7360071008641        1270766.8420849612        2414456.0000000000      )
 gdata_6=(  -2.2564411031544855        44008412.092086725        1603524969.5857842        34.361635981893613        1252.0274800528734        1280742.6315579487        2433410.0000000000      )
 gdata_7=(  -2.2472123051865736        44311768.372194752        1614546594.0584371        34.355338213940577        1251.7734303704590        1289807.3683994208        2450633.0000000000      )
 gdata_8=(  -2.2379835072186616        44726653.540339515        1629538985.4960830        34.352851705021934        1251.5872904689909        1301977.8947143729        2473757.0000000000      )
 gdata_9=(  -2.2287547092507496        45038966.687496744        1640289049.8454986        34.335932464383482        1250.4917004056847        1311715.2631347780        2492258.0000000000      )
 gdata_10=(  -2.2195259112828376        45521624.703855433        1657916624.9279509        34.336929993438432        1250.5653621868048        1325733.6841865107        2518893.0000000000      )
 gdata_11=(  -2.2102971133149256        45793626.644784339        1667555257.1275055        34.332241493454994        1250.1938366985080        1333837.3683965353        2534290.0000000000      )
 gdata_12=(  -2.2010683153470136        46186277.487831205        1681396476.3955662        34.323082199427859        1249.5206933349098        1345633.1578695194        2556702.0000000000      )
 gdata_13=(  -2.1918395173791017        46447332.391487844        1690372966.9882593        34.307004405489984        1248.5460378347843        1353873.1578690414        2572358.0000000000      )
 gdata_14=(  -2.1826107194111897        46792655.373772398        1702475920.3569641        34.299258704872351        1247.9236658979864        1364246.8420789896        2592068.0000000000      )
 gdata_15=(  -2.1733819214432777        47167043.675603054        1715598787.7800729        34.289614896482391        1247.2102800091081        1375548.9473415376        2613542.0000000000      )
 gdata_16=(  -2.1641531234753657        47525302.209968671        1728021968.4890904        34.272022502635437        1246.1321661345314        1386708.4210251695        2634745.0000000000      )
 gdata_17=(  -2.1549243255074537        47809910.958975427        1737513359.9288790        34.253973185426808        1244.8618883936970        1395747.8947089247        2651920.0000000000      )
 gdata_18=(  -2.1456955275395417        48124294.036130637        1748546020.0168586        34.242110079113196        1244.1513479836310        1405412.6315505658        2670283.0000000000      )
 gdata_19=(  -2.1364667295716298        48449102.817716099        1758991189.2516961        34.212505144900128        1242.1178435135473        1416122.6315500648        2690632.0000000000      )
 gdata_20=(  -2.1272379316037178        48721205.934400626        1768594850.4736922        34.204747220161515        1241.6429075418000        1424398.9473391748        2706357.0000000000      )
 gdata_21=(  -2.1180091336358058        49003572.663857542        1778139864.5626104        34.187714713581947        1240.5327837525133        1433367.8947072066        2723398.0000000000      )
 gdata_22=(  -2.1087803356678938        49268000.105307251        1786720961.8533556        34.168243885464022        1239.1231113377378        1441923.6841805330        2739654.0000000000      )
 gdata_23=(  -2.0995515376999818        49504484.200465240        1794447687.6536644        34.148621810533811        1237.8255512436183        1449677.3683907390        2754386.0000000000      )
 gdata_24=(  -2.0903227397320698        49826373.329630144        1805120235.0079184        34.126238215895604        1236.3324687647089        1460060.5262850681        2774114.0000000000      )
 gdata_25=(  -2.0810939417641579        50073257.743247166        1813429658.4553728        34.108381151743281        1235.2531624690016        1468063.1578637066        2789319.0000000000      )
 gdata_26=(  -2.0718651437962459        50328419.232395291        1821121595.7023253        34.079021587199847        1233.1410983976905        1476815.2631265314        2805948.0000000000      )
 gdata_27=(  -2.0626363458283339        50493853.046018593        1825852804.2121396        34.047979883686445        1231.1716337378855        1483020.5262842018        2817738.0000000000      )
 gdata_28=(  -2.0534075478604219        50756528.946422711        1834145371.1838851        34.019829324889102        1229.3455399713432        1491968.9473365154        2834740.0000000000      )
 gdata_29=(  -2.0441787498925099        50987923.455318771        1840942909.4861391        33.988490492961603        1227.1704030462467        1500152.6315467714        2850289.0000000000      )
 gdata_30=(  -2.0349499519245979        51164368.015558913        1845739114.7849896        33.958493171312149        1225.0423792274630        1506673.6841781349        2862679.0000000000      )
 gdata_31=(  -2.0257211539566859        51290201.398552880        1849209656.3540614        33.932922288041489        1223.4127738310792        1511517.3683885273        2871882.0000000000      )
 gdata_32=(  -2.0164923559887740        51531496.599907055        1855401129.2458546        33.881992317602219        1219.9274415657455        1520911.0525987472        2889730.0000000000      )
 gdata_33=(  -2.0072635580208620        51674442.973353289        1858627050.1160865        33.843170901882417        1217.2716197903976        1526879.4736511838        2901070.0000000000      )
 gdata_34=(  -1.9980347600529500        51849389.101381630        1864049778.9619694        33.820778247457326        1215.8988815321393        1533063.1578615347        2912819.0000000000      )
 gdata_35=(  -1.9888059620850380        51969825.922947139        1866426599.7474847        33.780062384259317        1213.1656370869687        1538476.3157561191        2923104.0000000000      )
 gdata_36=(  -1.9795771641171260        52127256.499940582        1870419128.1618638        33.745612741340935        1210.8528973324876        1544712.1052296299        2934952.0000000000      )
 gdata_37=(  -1.9703483661492140        52295620.334036194        1874222990.5283184        33.698637201035140        1207.7256219207047        1551861.5789136365        2948536.0000000000      )
 gdata_38=(  -1.9611195681813021        52393619.883390464        1875870477.3353550        33.659092825205022        1205.1104440811637        1556596.3157556171        2957532.0000000000      )
 gdata_39=(  -1.9518907702133901        52415221.589370228        1873847401.0270779        33.604489540272517        1201.3625713766226        1559768.4210186985        2963559.0000000000      )
 gdata_40=(  -1.9426619722454781        52490710.778240047        1874882045.6261411        33.562422845206285        1198.7946641841932        1563972.6315449032        2971547.0000000000      )
 gdata_41=(  -1.9334331742775661        52602065.659444302        1876408290.1909840        33.516095664044961        1195.5781388131982        1569456.8420710822        2981967.0000000000      )
 gdata_42=(  -1.9242043763096541        52642029.532935649        1875369678.1327446        33.464417361224235        1192.1682004367649        1573074.7368078437        2988841.0000000000      )
 gdata_43=(  -1.9149755783417421        52634219.962303966        1872009368.6971073        33.400560142892708        1187.9374587864488        1575848.4210182917        2994111.0000000000      )
 gdata_44=(  -1.9057467803738302        52761116.195201553        1874098988.3126175        33.352437541382017        1184.6938420106526        1581926.8420707854        3005660.0000000000      )
 gdata_45=(  -1.8965179824059182        52629843.458547115        1866391804.8390322        33.286952839626849        1180.4423480163994        1581095.2631234331        3004080.0000000000      )
 gdata_46=(  -1.8872891844380062        52713914.482069008        1866749285.4950187        33.235035246489055        1176.9469011998535        1586094.7368075291        3013579.0000000000      )
 gdata_47=(  -1.8780603864700942        52663937.054936923        1862392823.2043421        33.182615566734711        1173.4607882082398        1587094.2104917152        3015478.0000000000      )
 gdata_48=(  -1.8688315885021822        52699110.849857137        1860279504.2963426        33.114367577637019        1168.9377355515758        1591427.3683863494        3023711.0000000000      )
 gdata_49=(  -1.8596027905342702        52644779.042773731        1855137110.0113602        33.047537265285634        1164.5544703588246        1593001.5789126221        3026702.0000000000      )
 gdata_50=(  -1.8503739925663583        52572720.844672188        1849783527.1078093        32.991261269899745        1160.8052742005832        1593534.7368073491        3027715.0000000000      )
 gdata_51=(  -1.8411451945984463        52531475.422030009        1844840262.1909893        32.923024525255286        1156.2157869988339        1595584.7368073084        3031610.0000000000      )
 gdata_52=(  -1.8319163966305343        52448742.021933302        1838223564.9647119        32.847520248193121        1151.2399238409496        1596733.6841757002        3033793.0000000000      )
 gdata_53=(  -1.8226875986626223        52360775.894480549        1831730032.8226445        32.777389656410925        1146.6470464870833        1597466.3157546262        3035185.0000000000      )
 gdata_54=(  -1.8134588006947103        52280813.637182504        1824843871.0778255        32.694662864268103        1141.1959951285630        1599062.6315440631        3038218.0000000000      )
 gdata_55=(  -1.8042300027267983        52112502.637454137        1814778589.8951299        32.611894314370154        1135.6846165953577        1597959.9999651418        3036123.0000000000      )
 gdata_56=(  -1.7950012047588864        52038968.754623994        1809346904.2657824        32.550695838060577        1131.7576453906718        1598705.2631230189        3037539.0000000000      )
 gdata_57=(  -1.7857724067909744        51875753.185808629        1799248200.0795863        32.464731438903783        1126.0002220747374        1597911.0525967218        3036030.0000000000      )
 gdata_58=(  -1.7765436088230624        51760981.604819208        1791541008.9485648        32.390110259879989        1121.0801846450674        1598048.9473335615        3036292.0000000000      )
 gdata_59=(  -1.7673148108551504        51582256.040156782        1780699294.6690578        32.289904707544977        1114.6974745132079        1597473.1578598893        3035198.0000000000      )
 gdata_60=(  -1.7580860128872384        51370125.595435388        1769141089.8778861        32.207549196869344        1109.1991313626090        1594971.5789125829        3030445.0000000000      )
 gdata_61=(  -1.7488572149193264        51224074.703720763        1759676735.7232838        32.118904859856748        1103.3657510790347        1594826.3157546904        3030169.0000000000      )
 gdata_62=(  -1.7396284169514145        51076771.008627638        1750402004.6879854        32.035073023110435        1097.8426187220550        1594401.5789125976        3029362.0000000000      )
 gdata_63=(  -1.7303996189835025        50803597.562603638        1735540470.7636509        31.925063888950135        1090.6164734241820        1591338.9473337191        3023543.0000000000      )
 gdata_64=(  -1.7211708210155905        50620063.600059614        1725878351.9430072        31.852175214301113        1085.9919121988848        1589218.4210179788        3019514.0000000000      )
 gdata_65=(  -1.7119420230476785        50457554.171810634        1714996321.9661627        31.743956928497539        1078.9419001890556        1589516.8420706026        3020081.0000000000      )
 gdata_66=(  -1.7027132250797665        50196980.925491057        1701283968.9201145        31.648822210232137        1072.6468578138711        1586061.5789127932        3013516.0000000000      )
 gdata_67=(  -1.6934844271118545        49961002.148465469        1688281027.2493656        31.549748114313058        1066.1283574258166        1583562.6315444289        3008768.0000000000      )
 gdata_68=(  -1.6842556291439426        49717633.076791503        1674829119.6391091        31.439229234258111        1059.0877594517767        1581388.4210181630        3004637.0000000000      )
 gdata_69=(  -1.6750268311760306        49496954.324200161        1662669329.2805769        31.338679914928903        1052.7084469360534        1579420.5262813622        3000898.0000000000      )
 gdata_70=(  -1.6657980332081186        49244528.065751545        1649457345.5948541        31.242083288634099        1046.4611155033776        1576224.2104919665        2994825.0000000000      )
 gdata_71=(  -1.6565692352402066        49020841.884417042        1636043334.5345554        31.125072126138836        1038.7819717364753        1574963.1578604227        2992429.0000000000      )
 gdata_72=(  -1.6473404372722946        48755820.654554658        1622358299.4845786        31.023452184266290        1032.3106955047340        1571579.4736499838        2986000.0000000000      )
 gdata_73=(  -1.6381116393043826        48499363.608532235        1608395229.5805647        30.913522808446757        1025.1920626415924        1568872.1052289889        2980856.0000000000      )
 gdata_74=(  -1.6288828413364707        48160075.971747808        1590909672.1987484        30.785283332328355        1016.9544799620185        1564386.3157554171        2972333.0000000000      )
 gdata_75=(  -1.6196540433685587        47945504.132982045        1578506738.4285929        30.674914034385740        1009.9082151622817        1563019.9999659802        2969737.0000000000      )
 gdata_76=(  -1.6104252454006467        47702362.282996826        1565556146.3688598        30.570784351442992        1003.3104661942076        1560390.5262818420        2964741.0000000000      )
 gdata_77=(  -1.6011964474327347        47420174.514397368        1550762108.3236523        30.458238169346430        996.06300742269354        1556891.5789135057        2958093.0000000000      )
 gdata_78=(  -1.5919676494648227        47130256.635821931        1535492554.0431399        30.334031812504541        988.27554329094232        1553708.9473346407        2952046.0000000000      )
 gdata_79=(  -1.5827388514969107        46856092.612645358        1520793299.6399660        30.215240010806735        980.68643784110941        1550743.6841768222        2946412.0000000000      )
 gdata_80=(  -1.5735100535289988        46540894.154213227        1504645170.6785386        30.090446857971020        972.80996360716949        1546699.9999664163        2938729.0000000000      )
 gdata_81=(  -1.5642812555610868        46271416.517525166        1490516362.9843028        29.974122999211328        965.54037371013601        1543712.1052296560        2933052.0000000000      )
 gdata_82=(  -1.5550524575931748        45937797.765054204        1473489740.2481771        29.844110084280349        957.27248922404590        1539258.4210192554        2924590.0000000000      )
 gdata_83=(  -1.5458236596252628        45695407.214629173        1461205857.3215606        29.741838228861230        951.05724790672525        1536401.5789140677        2919162.0000000000      )
 gdata_84=(  -1.5365948616573508        45415150.749043569        1446491697.5918429        29.620084692544996        943.41218476822701        1533255.2631246862        2913184.0000000000      )
 gdata_85=(  -1.5273660636894388        45143367.912487976        1431905957.2887485        29.494886779729068        935.55058123539061        1530548.9473352931        2908042.0000000000      )
 gdata_86=(  -1.5181372657215269        44795012.951876417        1414681229.7483108        29.360565464379576        927.24252366834935        1525686.3157564867        2898803.0000000000      )
 gdata_87=(  -1.5089084677536149        44553762.081297904        1400977040.9647906        29.232066662026369        919.19183342414135        1524139.9999670577        2895865.0000000000      )
 gdata_88=(  -1.4996796697857029        44213224.776472554        1384673758.4431207        29.103378618813878        911.46223464230445        1519178.4210198508        2886438.0000000000      )
 gdata_89=(  -1.4904508718177909        43932716.032690585        1369498070.3400211        28.965315899736144        902.92492278329973        1516735.2631251912        2881796.0000000000      )
 gdata_90=(  -1.4812220738498789        43648767.903940678        1355832803.7157254        28.857464431008960        896.38032839156847        1512564.2104937548        2873871.0000000000      )
 gdata_91=(  -1.4719932758819669        43376338.594857953        1340885056.7285366        28.717313738971484        887.73322298200446        1510459.4736517123        2869872.0000000000      )
 gdata_92=(  -1.4627644779140550        43121313.244934134        1327095310.3849444        28.584450322959654        879.71091599321051        1508558.4210201921        2866260.0000000000      )
 gdata_93=(  -1.4535356799461430        42823192.938807786        1312948873.5869617        28.472738115861890        872.96735417595380        1504006.8420729581        2857612.0000000000      )
 gdata_94=(  -1.4443068819782310        42526259.082801051        1298242052.6613131        28.346433259340760        865.36019141915892        1500233.1578625587        2850442.0000000000      )
 gdata_95=(  -1.4350780840103190        42239561.097836941        1283381376.8231540        28.206649201675003        857.01383601419934        1497503.6841784320        2845256.0000000000      )
 gdata_96=(  -1.4258492860424070        41988753.573363356        1269970643.1485357        28.077216764229657        849.20932386308493        1495474.2104942887        2841400.0000000000      )
 gdata_97=(  -1.4166204880744950        41658950.838734709        1254472374.3131588        27.948572609287993        841.61294353187577        1490557.3683891972        2832058.0000000000      )
 gdata_98=(  -1.4073916901065830        41365534.043766074        1239861361.6294272        27.818999184072148        833.82707379139072        1486952.6315472210        2825209.0000000000      )
 gdata_99=(  -1.3981628921386711        41072846.295523301        1225771472.3011775        27.693483226774141        826.47989534951716        1483123.1578631450        2817933.0000000000      )
 gdata_100=(  -1.3889340941707591        40821222.807617255        1212641298.6688132        27.562186421423789        818.76639741400697        1481058.9473368977        2814011.0000000000      )
 gdata_101=(  -1.3797052962028471        40510276.464429326        1197399568.5048897        27.418269323391520        810.42705017842320        1477492.1052317675        2807234.0000000000      )
 gdata_102=(  -1.3704764982349351        40219062.479698509        1182853557.6574850        27.284325059099690        802.43941491003318        1474072.1052318979        2800736.0000000000      )
 gdata_103=(  -1.3612477002670231        39969342.527793743        1171087762.7068346        27.173576901494972        796.17630328007385        1470889.9999688596        2794690.0000000000      )
 gdata_104=(  -1.3520189022991111        39656925.243235819        1156122270.8996425        27.035278030183136        788.16213912070282        1466858.4210216529        2787030.0000000000      )
 gdata_105=(  -1.3427901043311992        39421136.327698231        1143896634.0293887        26.905889943363775        780.73743704221829        1465148.9473375063        2783782.0000000000      )
 gdata_106=(  -1.3335613063632872        39097032.764584020        1129078592.7044196        26.771368086594983        773.12717786004805        1460404.7368113687        2774768.0000000000      )
 gdata_107=(  -1.3243325083953752        38844728.200806260        1116433195.6098087        26.642465143533919        765.72893869549932        1458000.5262851517        2770200.0000000000      )
 gdata_108=(  -1.3151037104274632        38557592.597587906        1102725024.1326914        26.510123008134830        758.17430665354573        1454447.8947063438        2763450.0000000000      )
 gdata_109=(  -1.3058749124595512        38301695.864202537        1090039218.3285427        26.374658740548512        750.60416382500944        1452215.7894432715        2759209.0000000000      )
 gdata_110=(  -1.2966461144916392        38013794.257235602        1076505797.4913847        26.240392885496416        743.09696313231939        1448674.7368118323        2752481.0000000000      )
 gdata_111=(  -1.2874173165237273        37728899.571352467        1063255637.1653949        26.110155305106552        735.82241016374564        1444989.4736540902        2745479.0000000000      )
 gdata_112=(  -1.2781885185558153        37524521.941787422        1052490764.8823307        25.979503884679630        728.67518358443056        1444389.4736541142        2744339.0000000000      )
 gdata_113=(  -1.2689597205879033        37192118.570055492        1037722087.5884254        25.842538226965345        721.04988230118317        1439182.1052332798        2734445.0000000000      )
 gdata_114=(  -1.2597309226199913        36953425.598280229        1026143806.3845282        25.715882645718754        714.09330191687957        1436988.4210228473        2730277.0000000000      )
 gdata_115=(  -1.2505021246520793        36694771.625126354        1013620316.0168024        25.578286685356169        706.54945881788990        1434606.3157597843        2725751.0000000000      )
 gdata_116=(  -1.2412733266841673        36414440.931987107        1000891572.5346491        25.448243613410487        699.47339342774683        1430921.5789178375        2718750.0000000000      )
 gdata_117=(  -1.2320445287162554        36181295.999386817        989172460.14365864        25.308004784519447        691.90394270163370        1429638.4210231544        2716312.0000000000      )
 gdata_118=(  -1.2228157307483434        35869720.085043132        975733150.25251937        25.177126831595110        684.87173079287743        1424694.7368128495        2706919.0000000000      )
 gdata_119=(  -1.2135869327804314        35663879.012187786        965244725.22673535        25.053748419215513        678.08099339225339        1423494.7368128996        2704639.0000000000      )
 gdata_120=(  -1.2043581348125194        35353673.252511099        951511852.32363153        24.907588110692494        670.36500368277075        1419393.6841814981        2696847.0000000000      )
 gdata_121=(  -1.1951293368446074        35121765.151772298        940630626.74454844        24.779531916499849        663.64507980538144        1417369.9999710612        2693002.0000000000      )
 gdata_122=(  -1.1859005388766954        34818990.095349878        927719521.40287685        24.650548161592020        656.79086843603977        1412503.6841818104        2683756.0000000000      )
 gdata_123=(  -1.1766717409087835        34504063.051330261        914040511.03073800        24.504847238905423        649.15320435329829        1408050.5262872833        2675295.0000000000      )
 gdata_124=(  -1.1674429429408715        34291633.200303361        904039935.87315774        24.385252653817883        642.87524938337560        1406244.7368136859        2671864.0000000000      )
 gdata_125=(  -1.1582141449729595        34063474.946204491        893291901.97208321        24.253587938334714        636.03416073368828        1404471.5789190298        2668495.0000000000      )
 gdata_126=(  -1.1489853470050475        33787188.087851696        880831035.64134908        24.111570268276154        628.58795337221693        1401285.2631297039        2662441.0000000000      )
 gdata_127=(  -1.1397565490371355        33516143.608724426        869265482.22344565        23.983687971995902        622.03433467347895        1397455.7894456813        2655165.0000000000      )
 gdata_128=(  -1.1305277510692235        33266155.518074661        858242869.98578763        23.853969303464439        615.41523980535646        1394575.2631300336        2649692.0000000000      )
 gdata_129=(  -1.1212989531013116        33073141.490782898        848544408.29808533        23.721993916040113        608.62574233375449        1394197.3683932114        2648974.0000000000      )
 gdata_130=(  -1.1120701551333996        32763225.122610308        836008061.44221973        23.589235045003381        601.91847985284539        1388905.7894461118        2638920.0000000000      )
 gdata_131=(  -1.1028413571654876        32496464.563544258        824217696.96235478        23.441673872790783        594.55829155179197        1386268.9473409811        2633910.0000000000      )
 gdata_132=(  -1.0936125591975756        32277407.841737915        814210072.10409439        23.314999372906996        588.12985892795905        1384405.2631305498        2630369.0000000000      )
 gdata_133=(  -1.0843837612296636        31963437.853762317        801792186.44897592        23.181052212578358        581.48896945149238        1378860.5262887299        2619834.0000000000      )
 gdata_134=(  -1.0751549632617516        31767501.694718070        792105062.63061035        23.043402803217329        574.57448798057999        1378594.2104992706        2619328.0000000000      )
 gdata_135=(  -1.0659261652938397        31506950.306685925        781536104.60204494        22.923841695289973        568.63040588377874        1374418.4210258035        2611394.0000000000      )
 gdata_136=(  -1.0566973673259277        31210967.487438351        769538568.82366657        22.784537865516068        561.77626237939307        1369831.0526049999        2602678.0000000000      )
 gdata_137=(  -1.0474685693580157        31057504.123398840        761597894.03841722        22.655124029093965        555.55316619076950        1370882.1052365215        2604675.0000000000      )
 gdata_138=(  -1.0382397713901037        30783455.680785984        750492154.09258199        22.523765598686435        549.12318934308075        1366709.9999735944        2596748.0000000000      )
 gdata_139=(  -1.0290109734221917        30524640.520051889        739432602.51113570        22.380564958607181        542.14952612271759        1363890.5262895357        2591391.0000000000      )
 gdata_140=(  -1.0197821754542797        30317557.246154912        730188825.29972744        22.250507084519590        535.89646086771029        1362555.7894475060        2588855.0000000000      )
 gdata_141=(  -1.0105533774863678        30030026.734450929        719300206.56993258        22.128121229490731        530.02823847363504        1357097.8947109671        2578485.0000000000      )
 gdata_142=(  -1.0013245795184558        29826597.447479252        710210390.02797520        21.993489007352661        523.69380830289845        1356155.7894478634        2576695.0000000000      )
 gdata_143=( -0.99209578155054379        29575535.411572155        699927024.85497093        21.860401454254774        517.34264617995916        1352927.3683954121        2570561.0000000000      )
 gdata_144=( -0.98286698358263180        29340277.316708215        690334384.31689954        21.733699743895688        511.36259107839555        1349989.9999745316        2564980.0000000000      )
 gdata_145=( -0.97363818561471982        29111836.741251260        680933147.34589279        21.605614241883274        505.36072446504403        1347419.9999746778        2560097.0000000000      )
 gdata_146=( -0.96440938764680784        28913996.160590731        672131416.60515034        21.474076362452571        499.18389992231141        1346460.5262905213        2558274.0000000000      )
 gdata_147=( -0.95518058967889585        28633758.765417054        661845153.81486499        21.347330592125537        493.42551968225030        1341327.3683960882        2548521.0000000000      )
 gdata_148=( -0.94595179171098387        28408675.058182415        652135836.17653704        21.204035004866771        486.74959567438771        1339776.8420803885        2545575.0000000000      )
 gdata_149=( -0.93672299374307189        28235024.637745112        644775485.87989557        21.091143513420949        481.63769931509569        1338714.7368172945        2543557.0000000000      )
 gdata_150=( -0.92749419577515990        28018044.275379743        635739638.83035660        20.957125449266503        475.52481654641053        1336922.1052384535        2540151.0000000000      )
 gdata_151=( -0.91826539780724792        27728128.557999965        625231376.52718222        20.826047563600358        469.59888975462957        1331415.7894493155        2529689.0000000000      )
 gdata_152=( -0.90903659983933593        27531547.483375024        616714476.36340761        20.692526045424110        463.51845541722224        1330506.8420809493        2527962.0000000000      )
 gdata_153=( -0.89980780187142395        27308175.806218419        607927908.00166821        20.562260796119652        457.75200358579951        1328072.6315547852        2523337.0000000000      )
 gdata_154=( -0.89057900390351197        27127302.157044023        600470421.21918869        20.444176259089531        452.53756008269858        1326896.3157653837        2521102.0000000000      )
 gdata_155=( -0.88135020593559998        26895397.790015198        591520078.85544395        20.314875132958370        446.79229637745556        1323926.3157655713        2515459.0000000000      )
 gdata_156=( -0.87212140796768800        26688948.668642756        583238825.88425481        20.183747950671989        441.07939967394447        1322298.9473446226        2512367.0000000000      )
 gdata_157=( -0.86289260999977602        26491165.798636168        575402393.69785249        20.061561911179727        435.74793320740775        1320493.6841868435        2508937.0000000000      )
 gdata_158=( -0.85366381203186403        26242243.427973069        566324871.22338116        19.933452568561773        430.17701554032345        1316492.6315555221        2501335.0000000000      )
 gdata_159=( -0.84443501406395205        26032332.938311178        558004599.02634573        19.804884923444583        424.51888183274559        1314439.9999767069        2497435.0000000000      )
 gdata_160=( -0.83520621609604007        25822119.098493092        550190681.36096799        19.681951155796298        419.36241079272219        1311969.4736610767        2492741.0000000000      )
 gdata_161=( -0.82597741812812808        25611784.278926689        542370651.43812978        19.559553878704673        414.20495594916133        1309425.7894507165        2487908.0000000000      )
 gdata_162=( -0.81674862016021610        25433449.987750702        535074240.28038949        19.431671446178978        408.80756804326427        1308865.7894507530        2486844.0000000000      )
 gdata_163=( -0.80751982219230412        25225423.331466522        527456704.36146951        19.317080696350679        403.91487540555539        1305861.0526088462        2481135.0000000000      )
 gdata_164=( -0.79829102422439213        25011501.432397079        519189283.19023520        19.176969132973603        398.07593657745525        1304246.8420826397        2478068.0000000000      )
 gdata_165=( -0.78906222625648015        24826786.292940002        512311466.90629375        19.060048300730561        393.31233567789116        1302556.3157669650        2474856.0000000000      )
 gdata_166=( -0.77983342828856816        24625172.296253365        504873417.71870774        18.939281125450179        388.29939851410757        1300216.8420829137        2470411.0000000000      )
 gdata_167=( -0.77060463032065618        24427988.978091206        497647974.25411290        18.818722173905023        383.37576524592714        1298068.4210304285        2466329.0000000000      )
 gdata_168=( -0.76137583235274420        24211468.958648141        489939340.89091986        18.692255783895558        378.25344237343700        1295267.3683990405        2461007.0000000000      )
 gdata_169=( -0.75214703438483221        24060577.925433744        483796050.04949564        18.574282367126489        373.48082284510610        1295370.5262937706        2461203.0000000000      )
 gdata_170=( -0.74291823641692023        23863590.519219317        476907073.83520490        18.461517346053260        368.94817688784957        1292612.6315571195        2455963.0000000000      )
 gdata_171=( -0.73368943844900825        23649855.497676946        469277709.86415052        18.326693693491066        363.65164458226985        1290459.4736625331        2451872.0000000000      )
 gdata_172=( -0.72446064048109626        23439796.874789976        462223625.72378045        18.215399730317792        359.20055759574080        1286812.1052417352        2444942.0000000000      )
 gdata_173=( -0.71523184251318428        23271045.548909541        455910832.71299279        18.095636395941867        354.51766189044235        1286003.1578733707        2443405.0000000000      )
 gdata_174=( -0.70600304454527230        23095442.103118476        449286880.21376586        17.971067790651073        349.59993169741040        1285145.7894523779        2441776.0000000000      )
 gdata_175=( -0.69677424657736031        22882426.076788068        442400658.11766124        17.857994682688336        345.26009496419476        1281354.7368210638        2434573.0000000000      )
 gdata_176=( -0.68754544860944833        22696479.720430590        435757749.33630598        17.735686779218472        340.51372939958708        1279706.8420843368        2431442.0000000000      )
 gdata_177=( -0.67831665064153635        22565351.005865946        430584903.18577075        17.624158458074067        336.29862710435106        1280364.7368211329        2432692.0000000000      )
 gdata_178=( -0.66908785267362436        22359274.254653640        423869115.09218252        17.506601075028605        331.87604487653681        1277191.0526108283        2426662.0000000000      )
 gdata_179=( -0.65985905470571238        22196545.284718532        418008216.31464499        17.391681392230993        327.52239703194272        1276273.6841898398        2424919.0000000000      )
 gdata_180=( -0.65063025673780039        22007241.822624274        411781223.38113391        17.274108750447663        323.21877004893446        1274001.5789268406        2420602.0000000000      )
 gdata_181=( -0.64140145876988841        21794718.956186086        404795542.62788969        17.148659669191449        318.50380865595275        1270928.4210323184        2414763.0000000000      )
 gdata_182=( -0.63217266080197643        21620730.624936957        399199012.25437707        17.042207134780988        314.66245858464850        1268657.8947166875        2410449.0000000000      )
 gdata_183=( -0.62294386283406444        21438418.358828548        392984909.98937386        16.919173535431351        310.14321008331160        1267107.8947167958        2407504.0000000000      )
 gdata_184=( -0.61371506486615246        21294314.704589184        387831749.94143271        16.807178435605053        306.10787502139402        1266977.3684010154        2407256.0000000000      )
 gdata_185=( -0.60448626689824048        21103431.631476264        381702621.75567031        16.690707298024741        301.88866179992340        1264382.1052433020        2402325.0000000000      )
 gdata_186=( -0.59525746893032849        20956916.651983362        376374412.85128009        16.568828193536639        297.56681703393161        1264839.9999801121        2403195.0000000000      )
 gdata_187=( -0.58602867096241651        20778806.655981634        370649083.06017661        16.456855338335778        293.55479562403991        1262623.1578750038        2398983.0000000000      )
 gdata_188=( -0.57679987299450453        20581761.499192376        364770442.60221660        16.343927368101880        289.66333227381648        1259291.0526120786        2392652.0000000000      )
 gdata_189=( -0.56757107502659254        20420116.701807272        359386842.42251307        16.226396091949834        285.57884073535871        1258450.5262963478        2391055.0000000000      )
 gdata_190=( -0.55834227705868056        20247136.052127484        353924093.65830380        16.113504754578635        281.66737020190908        1256532.1052438503        2387410.0000000000      )
 gdata_191=( -0.54911347909076857        20072635.915634334        348601720.20292437        16.003528278413619        277.93347673017013        1254263.1578755877        2383099.0000000000      )
 gdata_192=( -0.53988468112285659        19925232.864606552        343577185.04613322        15.889947296455091        273.99546091855717        1253952.1052440305        2382508.0000000000      )
 gdata_193=( -0.53065588315494461        19721944.827290650        337747002.42596883        15.773756877256444        270.13254265458050        1250301.0526127066        2375571.0000000000      )
 gdata_194=( -0.52142708518703262        19524920.768067155        332010361.80228007        15.655677702900016        266.21604666897082        1247146.3157708216        2369577.0000000000      )
 gdata_195=( -0.51219828721912064        19385264.286175374        327487756.03412390        15.548637887679932        262.67315503430200        1246749.9999813756        2368824.0000000000      )
 gdata_196=( -0.50296948925120866        19226544.085334022        322349218.71999747        15.428358347001508        258.66943311365708        1246182.1052445732        2367745.0000000000      )
 gdata_197=( -0.49374069128329667        19067434.524003237        317547886.64890677        15.319806661963195        255.13512178327852        1244626.3157709977        2364789.0000000000      )
 gdata_198=( -0.48451189331538469        18891588.508084230        312392489.52597910        15.207602766249039        251.47387080963210        1242246.3157711639        2360267.0000000000      )
 gdata_199=( -0.47528309534747271        18733203.057153489        307595101.35650784        15.092169504891142        247.81012592365406        1241253.1578764964        2358380.0000000000      )
 gdata_200=( -0.46605429737956072        18571733.532621499        302790257.81970721        14.981235915138834        244.25141989221942        1239666.3157713441        2355365.0000000000      )
 gdata_201=( -0.45682549941164874        18415557.972988844        298240350.35537392        14.873086282492807        240.86994650189453        1238179.9999819743        2352541.0000000000      )
 gdata_202=( -0.44759670144373676        18238387.035644185        293257577.97658366        14.757283632779981        237.28442911123264        1235890.5262979236        2348191.0000000000      )
 gdata_203=( -0.43836790347582477        18072955.995998014        288405831.09192753        14.641322766294049        233.64428384782411        1234379.9999822397        2345321.0000000000      )
 gdata_204=( -0.42913910550791279        17949110.031564917        284502018.58243936        14.536424301547665        230.40930995956271        1234767.8947190547        2346058.0000000000      )
 gdata_205=( -0.41991030754000080        17744991.902030058        279065663.98128527        14.416841320103092        226.72568224993847        1230851.5789298546        2338617.0000000000      )
 gdata_206=( -0.41068150957208882        17558341.966031637        274093375.73468959        14.302756141188066        223.27226116409472        1227619.4736669224        2332476.0000000000      )
 gdata_207=( -0.40145271160417684        17417434.835184723        269970036.95417327        14.192441528640348        219.98267828836359        1227233.1578774757        2331742.0000000000      )
 gdata_208=( -0.39222391363626485        17252761.347741965        265423179.51040018        14.078914583622069        216.59548854360008        1225432.6315618120        2328321.0000000000      )
 gdata_209=( -0.38299511566835287        17093236.040769391        260947552.31821182        13.963975317501514        213.17585336345297        1224095.2631408528        2325780.0000000000      )
 gdata_210=( -0.37376631770044089        16948135.438642953        256998261.88848579        13.862860895443310        210.21375288325277        1222556.8420883287        2322857.0000000000      )
 gdata_211=( -0.36453751973252890        16795419.124240007        252713962.96092215        13.747219257084456        206.84891710362248        1221732.1052462810        2321290.0000000000      )
 gdata_212=( -0.35530872176461692        16620343.345988235        248072536.62360600        13.630517933360588        203.44688968405060        1219347.8947201318        2316760.0000000000      )
 gdata_213=( -0.34607992379670494        16458555.125665609        243798452.41820511        13.517011532954644        200.22574690742184        1217617.8947202526        2313473.0000000000      )
 gdata_214=( -0.33685112582879295        16309467.072686927        239827917.27645212        13.412965426810171        197.23535713806652        1215947.8947203693        2310300.0000000000      )
 gdata_215=( -0.32762232786088097        16137031.363871509        235370552.16497591        13.291208697606276        193.86212120151575        1214113.1578783921        2306814.0000000000      )
 gdata_216=( -0.31839352989296898        15999233.495779514        231570941.91842589        13.183884376300618        190.82192431086867        1213544.7368258003        2305734.0000000000      )
 gdata_217=( -0.30916473192505700        15823503.187833859        227305116.86281529        13.074375000449523        187.81380469973419        1210268.4210365554        2299509.0000000000      )
 gdata_218=( -0.29993593395714502        15678871.182708770        223353674.58982816        12.957975869748857        184.59310571711140        1209978.4210365757        2298958.0000000000      )
 gdata_219=( -0.29070713598923303        15521165.800540660        219408810.87385190        12.849705304861592        181.64476800582213        1207900.5262998787        2295010.0000000000      )
 gdata_220=( -0.28147833802132105        15380494.210078144        215628295.79550326        12.734655128858185        178.53470411762561        1207766.8420893617        2294756.0000000000      )
 gdata_221=( -0.27224954005340907        15223203.258306887        211759945.55681095        12.627136996502246        175.64777908740217        1205594.2105105661        2290628.0000000000      )
 gdata_222=( -0.26302074208549708        15061376.514594322        207711434.15886706        12.510597396202989        172.53364092129954        1203889.4736685799        2287389.0000000000      )
 gdata_223=( -0.25379194411758510        14908994.523783542        203933659.50863340        12.401670477250345        169.63706307700849        1202176.3157739628        2284134.0000000000      )
 gdata_224=( -0.24456314614967309        14779732.098245308        200449343.24748605        12.287696672359157        166.65124317721120        1202807.3684054976        2285333.0000000000      )
 gdata_225=( -0.23533434818176108        14620133.523883469        196699461.95170611        12.181505179541318        163.89012526208694        1200191.0526162067        2280362.0000000000      )
 gdata_226=( -0.22610555021384907        14451705.435176803        192678256.07841599        12.063214383640402        160.83355148398516        1197997.8947216230        2276195.0000000000      )
 gdata_227=( -0.21687675224593705        14318421.237982305        189316934.96658430        11.956365683499957        158.08603943955703        1197556.3157742855        2275356.0000000000      )
 gdata_228=( -0.20764795427802504        14176168.860234626        185897155.06208041        11.850167991581721        155.39547661724941        1196284.2105112164        2272939.0000000000      )
 gdata_229=( -0.19841915631011303        14010137.479936767        182015002.55020794        11.733152502692269        152.43317817243511        1194064.2105113715        2268721.0000000000      )
 gdata_230=( -0.18919035834220102        13875814.799250050        178696215.06031725        11.621223954957912        149.66103001255885        1194006.3157745334        2268611.0000000000      )
 gdata_231=( -0.17996156037428901        13738936.791899819        175431873.25523236        11.516927480862067        147.05913512197702        1192934.2105114504        2266574.0000000000      )
 gdata_232=( -0.17073276240637700        13577313.098102266        171742283.11231926        11.404805664676358        144.26178060058143        1190490.5263010948        2261931.0000000000      )
 gdata_233=( -0.16150396443846499        13455641.860510031        168665167.98594347        11.296709811659959        141.60316377503977        1191111.5789326304        2263111.0000000000      )
 gdata_234=( -0.15227516647055298        13308673.769024570        165379878.99811101        11.188410998583045        139.03249033223653        1189505.2631432689        2260059.0000000000      )
 gdata_235=( -0.14304636850264096        13171222.554038469        162232554.08815420        11.085753164982282        136.54541501878126        1188121.5789328392        2257430.0000000000      )
 gdata_236=( -0.13381757053472895        13036570.360272050        159101446.51641345        10.977288763586357        133.96947761945839        1187594.7368276129        2256429.0000000000      )
 gdata_237=( -0.12458877256681694        12902411.181829158        155954993.94535071        10.865188363778147        131.33052121873948        1187499.9999855142        2256249.0000000000      )
 gdata_238=( -0.11535997459890493        12771520.556176998        152938424.55246988        10.763384567664549        128.89108007071431        1186571.0526171580        2254484.0000000000      )
 gdata_239=( -0.10613117663099292        12609401.208488978        149561858.66469824        10.655506575966616        126.38644311219076        1183369.4736700132        2248401.0000000000      )
 gdata_240=(  -9.6902378663080907E-002   12474144.650280243        146509659.35943422        10.548025271519702        123.88725902824420        1182604.7368279614        2246948.0000000000      )
 gdata_241=(  -8.7673580695168896E-002   12361295.702789055        143891430.84386244        10.449717822047054        121.63974436674148        1182931.0526174123        2247568.0000000000      )
 gdata_242=(  -7.8444782727256884E-002   12224405.337310128        140882469.75986624        10.342007554080881        119.18842072809650        1182014.7368280026        2245827.0000000000      )
 gdata_243=(  -6.9215984759344873E-002   12099844.744151602        138059285.03919685        10.237899513287026        116.81448125941665        1181867.8947227497        2245548.0000000000      )
 gdata_244=(  -5.9987186791432862E-002   11977865.357008271        135386727.90649721        10.138347566726734        114.59451768130128        1181441.5789333058        2244738.0000000000      )
 gdata_245=(  -5.0758388823520850E-002   11846275.495048055        132570423.69576162        10.036673777944728        112.31936111856190        1180298.9473544382        2242567.0000000000      )
 gdata_246=(  -4.1529590855608839E-002   11733088.076073403        130057913.11826839        9.9405194378392103        110.18780435419806        1180329.4736702256        2242625.0000000000      )
 gdata_247=(  -3.2300792887696828E-002   11590361.817545863        127114846.32712281        9.8338147694170406        107.85028741134822        1178623.1578808711        2239383.0000000000      )
 gdata_248=(  -2.3071994919784820E-002   11492112.594055718        124825508.05273353        9.7382271349000398        105.77508179615035        1180103.1578807677        2242195.0000000000      )
 gdata_249=(  -1.3843196951872812E-002   11357210.121751681        122131591.06834261        9.6413794846874019        103.68012953316170        1177965.2631440749        2238133.0000000000      )
 gdata_250=(  -4.6143989839608039E-003   11264666.207979189        119930236.91016930        9.5490829848816077        101.66513268191758        1179659.4736702724        2241352.0000000000      )
 gdata_251=(   4.6143989839512040E-003   11127201.869188674        117248231.75111540        9.4492109829642192        99.567105209402939        1177579.9999862071        2237401.0000000000      )
 gdata_252=(   1.3843196951863212E-002   11012915.189613683        114924476.56322891        9.3584329100784682        97.659246904687237        1176790.5263020517        2235901.0000000000      )
 gdata_253=(   2.3071994919775220E-002   10919064.375023693        112803721.66537434        9.2656318738558898        95.722281969785783        1178447.8947229886        2239050.0000000000      )
 gdata_254=(   3.2300792887687224E-002   10809752.004634986        110547269.24801277        9.1746096196676330        93.825282896030075        1178224.7368282673        2238626.0000000000      )
 gdata_255=(   4.1529590855599235E-002   10689514.231282864        108128415.14198127        9.0776162474301731        91.823467078534122        1177568.4210388395        2237379.0000000000      )
 gdata_256=(   5.0758388823511247E-002   10600308.211726224        106193344.65986100        8.9953526564846911        90.114982121969490        1178420.5263019379        2238998.0000000000      )
 gdata_257=(   5.9987186791423258E-002   10494522.258030357        104063074.28215361        8.9069279763626028        88.320581427207685        1178242.6315651082        2238660.0000000000      )
 gdata_258=(   6.9215984759335270E-002   10394906.581167424        101981479.40977433        8.8168484787728598        86.499599065765992        1178982.1052492671        2240065.0000000000      )
 gdata_259=(   7.8444782727247281E-002   10283922.630889807        99862536.646812230        8.7303285085464264        84.776284489413015        1177953.6841967073        2238111.0000000000      )
 gdata_260=(   8.7673580695159292E-002   10199871.692735324        98146671.274764180        8.6540451545110813        83.272197000449580        1178624.7368282394        2239386.0000000000      )
 gdata_261=(   9.6902378663071304E-002   10098838.519419394        96148406.585293040        8.5669237577191613        81.563445841665427        1178817.3684071733        2239752.0000000000      )
 gdata_262=(  0.10613117663098331        10009687.429047221        94298304.470284417        8.4837660173118223        79.923050207699788        1179863.6841965739        2241740.0000000000      )
 gdata_263=(  0.11535997459889533        9912813.5552106611        92436543.223586679        8.4038755795563400        78.365764061704439        1179552.6315650167        2241149.0000000000      )
 gdata_264=(  0.12458877256680734        9814646.4385151695        90623741.140569031        8.3257930665071207        76.876382697615966        1178824.2105124360        2239765.0000000000      )
 gdata_265=(  0.13381757053471935        9729092.3248597998        88899756.318022713        8.2485217438912901        75.371015972593781        1179495.2631439681        2241040.0000000000      )
 gdata_266=(  0.14304636850263136        9662026.0039408430        87414771.176662654        8.1721304861548951        73.935312964557497        1182314.2105121922        2246396.0000000000      )
 gdata_267=(  0.15227516647054337        9554285.3885060288        85539132.298815191        8.0929679771781036        72.456016367557936        1180566.3157754722        2243075.0000000000      )
 gdata_268=(  0.16150396443845538        9466881.0621633139        83937834.716309458        8.0214353071578088        71.121830577421690        1180197.8947228664        2242375.0000000000      )
 gdata_269=(  0.17073276240636739        9399610.9979158845        82503740.104862466        7.9476929803986671        69.759737528865685        1182684.2105121664        2247099.0000000000      )
 gdata_270=(  0.17996156037427941        9324837.1510377321        81007856.325331792        7.8750139288882313        68.412776178120211        1184104.2105120672        2249797.0000000000      )
 gdata_271=(  0.18919035834219142        9252896.2096325140        79669055.872162595        7.8108004546456842        67.252359015944720        1184628.4210383464        2250793.0000000000      )
 gdata_272=(  0.19841915631010343        9175583.9702098779        78196082.419271573        7.7400870562235333        65.962503023875485        1185462.6315646039        2252378.0000000000      )
 gdata_273=(  0.20764795427801544        9107619.6232846566        76884594.249003306        7.6750341115569087        64.791011034944418        1186655.2631434679        2254644.0000000000      )
 gdata_274=(  0.21687675224592745        9028172.5013882313        75480559.409409776        7.6076551211591417        63.604241528466112        1186722.1052487264        2254771.0000000000      )
 gdata_275=(  0.22610555021383946        8963908.3947172426        74207498.581862941        7.5423467312095163        62.439134774067924        1188477.3684064986        2258106.0000000000      )
 gdata_276=(  0.23533434818175147        8882162.7834125571        72814318.405137867        7.4767435566625080        61.292952993957755        1187972.1052486391        2257146.0000000000      )
 gdata_277=(  0.24456314614966349        8834678.2133581936        71711568.474863827        7.4119438822086323        60.163155737486996        1191951.5789325717        2264707.0000000000      )
 gdata_278=(  0.25379194411757550        8773104.2695571985        70599677.513098210        7.3561151638514817        59.196761187398792        1192627.3684062087        2265991.0000000000      )
 gdata_279=(  0.26302074208548748        8706881.5060613547        69410645.198517397        7.2952569630397521        58.157273915012389        1193498.9473535162        2267647.0000000000      )
 gdata_280=(  0.27224954005339946        8638416.7754730377        68225902.285577580        7.2361467482310697        57.150824485645217        1193786.8420903382        2268194.0000000000      )
 gdata_281=(  0.28147833802131145        8584815.4252899308        67209382.509888723        7.1812638610446715        56.221163278544388        1195446.3157744328        2271347.0000000000      )
 gdata_282=(  0.29070713598922343        8519101.7541727461        66103458.534284018        7.1247693859375589        55.284220245282626        1195702.1052480992        2271833.0000000000      )
 gdata_283=(  0.29993593395713541        8456120.9397890419        65017286.938601278        7.0696259070124299        54.356826187524163        1196119.9999849121        2272627.0000000000      )
 gdata_284=(  0.30916473192504740        8406383.1273289714        64055555.849264957        7.0142501360848097        53.447681901628386        1198472.1052479057        2277096.0000000000      )
 gdata_285=(  0.31839352989295938        8349534.1367273061        63044926.389641300        6.9585646704442752        52.542116750680435        1199893.1578793854        2279796.0000000000      )
 gdata_286=(  0.32762232786087137        8292772.8446592782        62092343.348401047        6.9089652799514996        51.731049720144142        1200291.5789319891        2280553.0000000000      )
 gdata_287=(  0.33685112582878335        8240645.3344809217        61199943.310396157        6.8602178551996866        50.948066176134539        1201222.1052477136        2282321.0000000000      )
 gdata_288=(  0.34607992379669533        8193972.9690504158        60314309.235250697        6.8082533349765901        50.114285042032868        1203535.2631422889        2286716.0000000000      )
 gdata_289=(  0.35530872176460732        8141103.1412673946        59440207.825489558        6.7608653611865757        49.362750376175860        1204151.0526159301        2287886.0000000000      )
 gdata_290=(  0.36453751973251930        8106764.7335283468        58721824.433587737        6.7145430962897894        48.637185586669759        1207344.2105104439        2293953.0000000000      )
 gdata_291=(  0.37376631770043128        8054321.1883193040        57860512.048273340        6.6678097998892785        47.900112280299339        1207941.0526156654        2295087.0000000000      )
 gdata_292=(  0.38299511566834327        7998929.0152566843        57011162.730681099        6.6223801620904537        47.200017948059966        1207863.1578788287        2294939.0000000000      )
 gdata_293=(  0.39222391363625525        7965164.6687599011        56331539.909329683        6.5787687851276289        46.526618316776997        1210737.8947207332        2300401.0000000000      )
 gdata_294=(  0.40145271160416723        7911489.0829212591        55518807.660980016        6.5353335735056319        45.861648024145488        1210571.5789312711        2300085.0000000000      )
 gdata_295=(  0.41068150957207922        7872641.7437742455        54804214.258498482        6.4902803484091738        45.181112819369055        1212989.4736679443        2304679.0000000000      )
 gdata_296=(  0.41991030753999120        7842765.1339888563        54206170.803754821        6.4501700298287332        44.581090008024894        1215900.5262993199        2310210.0000000000      )
 gdata_297=(  0.42913910550790318        7785854.5262808120        53400622.769776069        6.4087658951199753        43.955623474586972        1214875.7894572862        2308263.0000000000      )
 gdata_298=(  0.43836790347581517        7756971.1647656746        52808256.002332784        6.3688941493643778        43.358443076222720        1217946.3157728612        2314097.0000000000      )
 gdata_299=(  0.44759670144372715        7710481.8201687550        52104105.085218102        6.3278144071649560        42.760636043295136        1218506.3157728221        2315161.0000000000      )
 gdata_300=(  0.45682549941163914        7671557.0828864202        51457396.528765775        6.2875864923848486        42.174336689654901        1220111.5789306047        2318211.0000000000      )
 gdata_301=(  0.46605429737955112        7629312.1882263012        50835978.113037676        6.2519136142136027        41.658033622904313        1220316.3157726957        2318600.0000000000      )
 gdata_302=(  0.47528309534746310        7601162.2556089805        50298136.079412483        6.2150358862828465        41.125910779764261        1223027.8947198747        2323752.0000000000      )
 gdata_303=(  0.48451189331537509        7572490.0172107071        49732618.363122232        6.1756942454407975        40.559108607312304        1226176.3157722864        2329734.0000000000      )
 gdata_304=(  0.49374069128328707        7537448.3554327767        49168001.249865226        6.1396555876763985        40.049971737588436        1227666.3157721823        2332565.0000000000      )
 gdata_305=(  0.50296948925119911        7508043.8564861370        48672714.687405974        6.1068941366528930        39.589421908173364        1229437.3684036375        2335930.0000000000      )
 gdata_306=(  0.51219828721911109        7460089.1677100789        48031223.640509382        6.0712311374318118        39.089165555473194        1228760.5262984217        2334644.0000000000      )
 gdata_307=(  0.52142708518702308        7435421.6558211697        47560868.774087287        6.0371766026730711        38.616957780858087        1231605.7894561177        2340050.0000000000      )
 gdata_308=(  0.53065588315493506        7395277.4273163797        47018523.754229642        6.0053078391111585        38.181219306491037        1231456.8420877070        2339767.0000000000      )
 gdata_309=(  0.53988468112284704        7363404.1089351494        46491893.073890820        5.9701195934896072        37.694815831450910        1233376.3157717835        2343414.0000000000      )
 gdata_310=(  0.54911347909075903        7338661.3228407782        46050031.732719421        5.9387432550210999        37.265558841776866        1235726.3157716193        2347879.0000000000      )
 gdata_311=(  0.55834227705867101        7306514.7715897905        45566993.012975730        5.9072063939329169        36.840222854976666        1236881.5789294334        2350074.0000000000      )
 gdata_312=(  0.56757107502658299        7277631.6630155239        45112636.553380676        5.8768928184523181        36.429726325577427        1238346.8420872258        2352858.0000000000      )
 gdata_313=(  0.57679987299449498        7242892.0410861084        44615226.968283579        5.8450958254853065        36.004992953931769        1239139.9999819072        2354365.0000000000      )
 gdata_314=(  0.58602867096240696        7220522.8053610744        44212251.956476174        5.8146948503911480        35.604174476762445        1241771.5789290918        2359365.0000000000      )
 gdata_315=(  0.59525746893031894        7191120.6100060726        43776857.004245766        5.7846254632095562        35.214639756380031        1243143.6841921539        2361972.0000000000      )
 gdata_316=(  0.60448626689823093        7166591.2725905096        43364570.659950696        5.7546366524163775        34.820926468972218        1245359.4736656833        2366182.0000000000      )
 gdata_317=(  0.61371506486614291        7148734.5286126053        43019505.702535287        5.7279980654063056        34.469827415269947        1248033.6841918123        2371263.0000000000      )
 gdata_318=(  0.62294386283405490        7123481.0755669279        42636480.901505865        5.7006354668319856        34.120261235997631        1249594.2105074928        2374228.0000000000      )
 gdata_319=(  0.63217266080196688        7091864.6051910594        42190276.274387911        5.6712804818275115        33.739066335629843        1250487.3684021672        2375925.0000000000      )
 gdata_320=(  0.64140145876987886        7074283.9586769883        41850558.040070169        5.6438311821652478        33.388182583179415        1253454.2105072231        2381562.0000000000      )
 gdata_321=(  0.65063025673779085        7044225.1965809064        41460457.598998271        5.6183854285427905        33.068339573810313        1253781.0526124635        2382183.0000000000      )
 gdata_322=(  0.65985905470570283        7017109.7022950053        41073065.444099337        5.5914866171640467        32.728502973449650        1254963.1578755388        2384429.0000000000      )
 gdata_323=(  0.66908785267361481        6997879.5250010192        40746259.748372547        5.5659205086811419        32.408452013966702        1257272.6315595880        2388817.0000000000      )
 gdata_324=(  0.67831665064152680        6972321.4962796727        40377560.820851609        5.5393962939992081        32.079316894824572        1258678.9473489635        2391489.0000000000      )
 gdata_325=(  0.68754544860943878        6945047.1830764506        40009716.637130767        5.5147963578684305        31.770185827889119        1259347.8947173378        2392760.0000000000      )
 gdata_326=(  0.69677424657735076        6932380.9205763759        39729433.626997925        5.4892922213187942        31.459100915641660        1262891.5789276166        2399493.0000000000      )
 gdata_327=(  0.70600304454526275        6904017.6060792916        39364999.591532677        5.4646514288792689        31.158089903519624        1263395.7894538972        2400451.0000000000      )
 gdata_328=(  0.71523184251317473        6886360.6396137401        39073305.639822453        5.4414178932951023        30.874680485895084        1265545.2631379575        2404535.0000000000      )
 gdata_329=(  0.72446064048108672        6872498.3948979126        38803968.637850083        5.4180645834002501        30.591845365608503        1268441.5789272289        2410038.0000000000      )
 gdata_330=(  0.73368943844899870        6841246.9797815690        38446916.854247972        5.3957128015610776        30.323203074542949        1267904.2105062138        2409017.0000000000      )
 gdata_331=(  0.74291823641691068        6822734.1536395559        38155425.252037540        5.3724720758831337        30.044986671606932        1269943.1578744925        2412891.0000000000      )
 gdata_332=(  0.75214703438482267        6791784.4938844088        37803016.354233585        5.3501788128658365        29.779051049537532        1269449.9999797901        2411954.0000000000      )
 gdata_333=(  0.76137583235273465        6779001.1007497739        37541890.940560952        5.3262717061970033        29.496722089590389        1272747.8947164018        2418220.0000000000      )
 gdata_334=(  0.77060463032064663        6756888.1209450914        37263801.472112104        5.3066547800291843        29.265858286311740        1273285.7894532064        2419242.0000000000      )
 gdata_335=(  0.77983342828855862        6743450.3753394233        37000213.401240118        5.2825151933145733        28.984300108843680        1276560.5262950829        2425464.0000000000      )
 gdata_336=(  0.78906222625647060        6722258.1972405771        36713980.022665933        5.2612504762760475        28.734606617688588        1277692.1052423723        2427614.0000000000      )
 gdata_337=(  0.79829102422438258        6699121.6444821469        36418261.274303667        5.2400233525411277        28.486203067155543        1278452.6315581086        2429059.0000000000      )
 gdata_338=(  0.80751982219229457        6679588.0672932742        36144896.075522870        5.2184153032784097        28.238130393024242        1280003.1578737898        2432005.0000000000      )
 gdata_339=(  0.81674862016020655        6675690.0451415274        35968063.812438764        5.1983663206004866        28.008366217641978        1284189.9999787605        2439960.0000000000      )
 gdata_340=(  0.82597741812811853        6648518.4615520621        35661060.766255051        5.1773011447347725        27.769803422413617        1284166.8420840253        2439916.0000000000      )
 gdata_341=(  0.83520621609603052        6639352.1968919672        35468009.812596053        5.1586573481868561        27.558006266178094        1287031.0526101410        2445358.0000000000      )
 gdata_342=(  0.84443501406394250        6611744.6514643114        35158443.962439239        5.1372845122202442        27.317892502397314        1287011.5789259318        2445321.0000000000      )
 gdata_343=(  0.85366381203185449        6602965.5013153767        34963905.618995525        5.1178679631180559        27.100043517915370        1290178.9473467632        2451339.0000000000      )
 gdata_344=(  0.86289260999976647        6588507.3961927984        34752877.380344830        5.1002908459890772        26.902873703561184        1291790.5262940191        2454401.0000000000      )
 gdata_345=(  0.87212140796767845        6576095.3022065088        34524128.487416156        5.0790690924541222        26.664825536441683        1294744.2105043402        2460013.0000000000      )
 gdata_346=(  0.88135020593559044        6558877.1736649601        34301804.312759884        5.0614128853268197        26.470322547837753        1295858.9473463688        2462131.0000000000      )
 gdata_347=(  0.89057900390350242        6536526.9792091362        34043505.571608916        5.0422220222189003        26.260874322508659        1296358.4210305451        2463080.0000000000      )
 gdata_348=(  0.89980780187141440        6514070.4874797650        33785886.856078155        5.0236021127518224        26.055421555171723        1296693.1578726277        2463716.0000000000      )
 gdata_349=(  0.90903659983932639        6507225.4605621789        33611357.841537707        5.0048630393757643        25.851300770791457        1300180.5262934424        2470342.0000000000      )
 gdata_350=(  0.91826539780723837        6492094.0812844010        33401101.980270442        4.9871142427752968        25.658148098993898        1301773.6841880712        2473369.0000000000      )
 gdata_351=(  0.92749419577515035        6487138.7783918390        33235350.244158946        4.9680762510047609        25.452785870994347        1305764.7368193790        2480952.0000000000      )
 gdata_352=(  0.93672299374306234        6467124.4595954418        33012398.180797573        4.9516089602378761        25.276224023869108        1306065.2631351487        2481523.0000000000      )
 gdata_353=(  0.94595179171097432        6444251.4934885427        32757376.233782999        4.9327105998384670        25.073921639238609        1306432.1052403874        2482220.0000000000      )
 gdata_354=(  0.95518058967888630        6433747.3189545032        32570050.925626229        4.9144284766417572        24.878686995214533        1309154.7368191555        2487393.0000000000      )
 gdata_355=(  0.96440938764679829        6419406.6077173082        32374001.356400963        4.8974435434450090        24.698520222691574        1310766.8420822071        2490456.0000000000      )
 gdata_356=(  0.97363818561471027        6409153.4192771334        32194699.109553088        4.8798515922190564        24.512652987558759        1313391.0526083529        2495442.0000000000      )
 gdata_357=(  0.98286698358262226        6388557.6539359353        31967584.362387117        4.8628334283577015        24.333041397143489        1313752.1052399091        2496128.0000000000      )
 gdata_358=(  0.99209578155053424        6376381.1193152806        31791525.528269164        4.8464819569562589        24.163714805274402        1315672.1052397862        2499776.0000000000      )
 gdata_359=(   1.0013245795184462        6371287.2020629067        31633387.121993024        4.8281707845742927        23.971827148222694        1319606.8420816378        2507252.0000000000      )
 gdata_360=(   1.0105533774863582        6349793.4090567539        31412118.747750152        4.8123491639138951        23.806456943447987        1319478.9473448039        2507009.0000000000      )
 gdata_361=(   1.0197821754542702        6343614.7930663442        31271734.371748343        4.7965123553601048        23.645077007446453        1322547.3683972380        2512839.0000000000      )
 gdata_362=(   1.0290109734221822        6328051.9196986035        31075903.540198050        4.7800540561046576        23.473969659135754        1323845.2631339978        2515305.0000000000      )
 gdata_363=(   1.0382397713900942        6310336.5818940001        30878275.369622491        4.7641002159268462        23.312100146600105        1324559.9999760578        2516663.0000000000      )
 gdata_364=(   1.0474685693580061        6296708.7213088516        30710564.040570363        4.7496897671886229        23.165380236576656        1325709.4736601966        2518847.0000000000      )
 gdata_365=(   1.0566973673259181        6291408.5051047485        30559005.456128158        4.7319590302416117        22.984354251674958        1329556.8420810085        2526157.0000000000      )
 gdata_366=(   1.0659261652938301        6276655.9892458161        30379505.239190981        4.7166323289863836        22.828868874650013        1330749.4736598826        2528423.0000000000      )
 gdata_367=(   1.0751549632617421        6260404.8657631436        30190988.028619412        4.7007614808961682        22.669561576003812        1331785.2631335042        2530391.0000000000      )
 gdata_368=(   1.0843837612296541        6246522.3735348508        30026517.431090720        4.6866480399236412        22.528330269074196        1332833.6841860700        2532383.0000000000      )
 gdata_369=(   1.0936125591975661        6229201.6754371990        29829218.193275642        4.6700363145302788        22.362983164591064        1333865.7894491649        2534344.0000000000      )
 gdata_370=(   1.1028413571654780        6226561.3900699718        29712351.952730209        4.6549242242663516        22.212701072098032        1337628.9473436750        2541494.0000000000      )
 gdata_371=(   1.1120701551333900        6210844.1040433906        29538262.619350072        4.6405703511438317        22.070170083067737        1338379.4736594199        2542920.0000000000      )
 gdata_372=(   1.1212989531013020        6195012.1375820832        29352897.937235445        4.6246074215263810        21.912084533352832        1339575.7894488222        2545193.0000000000      )
 gdata_373=(   1.1305277510692140        6187851.3990926221        29224193.118149836        4.6105613686977236        21.774914607946400        1342103.6841855142        2549996.0000000000      )
 gdata_374=(   1.1397565490371260        6175782.0656432090        29071937.251333293        4.5966582031257142        21.638354045963123        1343537.3683959567        2552720.0000000000      )
 gdata_375=(   1.1489853470050380        6171576.0137647204        28949038.003373507        4.5814884594857723        21.490407511770300        1347067.8947115410        2559428.0000000000      )
 gdata_376=(   1.1582141449729499        6147884.8767203894        28743454.823016383        4.5674453999513531        21.354362214428729        1346022.6315537060        2557442.0000000000      )
 gdata_377=(   1.1674429429408619        6135360.2951871343        28590407.359920289        4.5534134088127214        21.218630687133629        1347419.9999746778        2560097.0000000000      )
 gdata_378=(   1.1766717409087739        6121931.9271427020        28432301.096408423        4.5391017544601642        21.081107945328320        1348709.9999746059        2562548.0000000000      )
 gdata_379=(   1.1859005388766859        6113373.0374205848        28306671.079846285        4.5264391919015878        20.958712086404056        1350592.1052376525        2566124.0000000000      )
 gdata_380=(   1.1951293368445979        6095226.3600205826        28123559.930669505        4.5114718076140266        20.816068224992144        1351050.5262902558        2566995.0000000000      )
 gdata_381=(   1.2043581348125099        6086568.4307674775        27985665.596796580        4.4969402782891539        20.676653564066928        1353491.0526059049        2571632.0000000000      )
 gdata_382=(   1.2135869327804218        6073865.4389944663        27830800.090416215        4.4821414264936754        20.537429297803065        1355125.7894479197        2574738.0000000000      )
 gdata_383=(   1.2228157307483338        6068705.7155186497        27723313.021992452        4.4695137101447022        20.417817810076283        1357799.9999740853        2579819.0000000000      )
 gdata_384=(   1.2320445287162458        6055048.4821144845        27563341.022393744        4.4548896388246000        20.279217035958538        1359191.5789213756        2582463.0000000000      )
 gdata_385=(   1.2412733266841578        6043973.4617659636        27425778.361925159        4.4412879534719494        20.153261728224056        1360860.5262897050        2585634.0000000000      )
 gdata_386=(   1.2505021246520698        6034114.4381003845        27292438.511285987        4.4282391482701726        20.029027607484448        1362644.2105001316        2589023.0000000000      )
 gdata_387=(   1.2597309226199818        6026305.3346814457        27174949.238348402        4.4154596640756560        19.911021027210126        1364819.4736579049        2593156.0000000000      )
 gdata_388=(   1.2689597205878937        6015913.4691765411        27032829.193350829        4.4008653669646831        19.775524095823446        1366984.2104998934        2597269.0000000000      )
 gdata_389=(   1.2781885185558057        6006429.5778460233        26900547.183059905        4.3870765133353782        19.648071656072553        1369118.9473418812        2601325.0000000000      )
 gdata_390=(   1.2874173165237177        5991835.1054893238        26753324.712975342        4.3744374936937964        19.531703500683506        1369738.4210260573        2602502.0000000000      )
 gdata_391=(   1.2966461144916297        5980310.4039820265        26614897.041726142        4.3609380357479957        19.408008779861515        1371335.7894470228        2605537.0000000000      )
 gdata_392=(   1.3058749124595417        5975652.5460188892        26513468.958015393        4.3485107666436384        19.293977408678707        1374183.6841837110        2610948.0000000000      )
 gdata_393=(   1.3151037104274537        5966283.8832130777        26381694.969631847        4.3345180588652745        19.166358072750878        1376458.4210256997        2615270.0000000000      )
 gdata_394=(   1.3243325083953656        5954621.4748673439        26244002.939480521        4.3212634812816377        19.045249472814156        1377981.5789203555        2618164.0000000000      )
 gdata_395=(   1.3335613063632776        5946246.2446068162        26127316.296303634        4.3085783069716728        18.931538248309607        1380094.7368149830        2622179.0000000000      )
 gdata_396=(   1.3427901043311896        5936523.1114975465        26000318.268709254        4.2956388209770608        18.813701962435747        1381988.4210254110        2625777.0000000000      )
 gdata_397=(   1.3520189022991016        5927732.1392035121        25877882.336183991        4.2824571722418119        18.695332415595864        1384189.4736568772        2629959.0000000000      )
 gdata_398=(   1.3612477002670136        5919958.0066376785        25767235.755154192        4.2704091021842467        18.587401799735851        1386274.2104988755        2633920.0000000000      )
 gdata_399=(   1.3704764982349256        5913192.9195385706        25656527.011858687        4.2576487713890350        18.473349710814759        1388839.9999724315        2638795.0000000000      )
 gdata_400=(   1.3797052962028376        5905056.7826176938        25546038.559831653        4.2457327899703428        18.367588587224947        1390821.5789196996        2642560.0000000000      )
 gdata_401=(   1.3889340941707495        5888532.7266178690        25388733.238570441        4.2323144702828746        18.247856988555807        1391326.8420775686        2643520.0000000000      )
 gdata_402=(   1.3981628921386615        5885485.8652201844        25298045.023792922        4.2202903459479657        18.140404654811963        1394568.9473405604        2649680.0000000000      )
 gdata_403=(   1.4073916901065735        5874748.8943148181        25172820.779314145        4.2074876312185534        18.028741990035069        1396260.5262878456        2652894.0000000000      )
 gdata_404=(   1.4166204880744855        5861030.2938516019        25037323.055527925        4.1952254861451159        17.921288667896270        1397071.5789193851        2654435.0000000000      )
 gdata_405=(   1.4258492860423975        5847691.8875270002        24907448.158887133        4.1835787563235982        17.819384638580686        1397772.6315509295        2655767.0000000000      )
 gdata_406=(   1.4350780840103095        5837056.6765357228        24786779.130624991        4.1714825090565659        17.713998908884445        1399276.3157613834        2658624.0000000000      )
 gdata_407=(   1.4443068819782214        5828392.8991648303        24678985.032637201        4.1600208973637098        17.614648709802694        1401048.9473402412        2661992.0000000000      )
 gdata_408=(   1.4535356799461334        5820380.9370949455        24560554.217343528        4.1464657913477181        17.497050275473164        1403696.8420769626        2667023.0000000000      )
 gdata_409=(   1.4627644779140454        5817344.6297117220        24478431.110144291        4.1352492801448335        17.400450045593267        1406769.9999715553        2672862.0000000000      )
 gdata_410=(   1.4719932758819574        5806278.8450537641        24362447.045527335        4.1240196160680265        17.303889839318067        1407917.3683925532        2675042.0000000000      )
 gdata_411=(   1.4812220738498694        5792944.5459426595        24230128.376281548        4.1116651783315321        17.197847195177641        1408904.7368135585        2676918.0000000000      )
 gdata_412=(   1.4904508718177814        5782828.1925472207        24110218.883408781        4.0990978583203912        17.090278890869847        1410756.3157608388        2680436.0000000000      )
 gdata_413=(   1.4996796697856933        5778462.4253219273        24022103.152040701        4.0877208441870883        16.993387608700854        1413614.7368133382        2685867.0000000000      )
 gdata_414=(   1.5089084677536053        5758131.1444477504        23865099.775512867        4.0761064925437784        16.893795174146327        1412654.7368133822        2684043.0000000000      )
 gdata_415=(   1.5181372657215173        5753104.1741420794        23766172.145099502        4.0632921676321017        16.785529725989999        1415872.6315500769        2690157.0000000000      )
 gdata_416=(   1.5273660636894293        5737597.8675844064        23637579.987058200        4.0525934849693259        16.695750533022895        1415784.2104974501        2689989.0000000000      )
 gdata_417=(   1.5365948616573413        5734761.6739877434        23551992.986557294        4.0403106682871659        16.593081619177905        1419386.3157604455        2696833.0000000000      )
 gdata_418=(   1.5458236596252533        5719361.4077801183        23417697.925452907        4.0286764479642914        16.495255566378326        1419662.6315499069        2697358.0000000000      )
 gdata_419=(   1.5550524575931652        5708347.7631631941        23303615.822590228        4.0173232157785685        16.400219597658047        1420933.1578656412        2699772.0000000000      )
 gdata_420=(   1.5642812555610772        5704113.8693093723        23218632.393760439        4.0060310869695455        16.306575446675684        1423881.5789181457        2705374.0000000000      )
 gdata_421=(   1.5735100535289892        5692766.5068007316        23103758.147235382        3.9946951746598374        16.212235488143424        1425081.5789180938        2707654.0000000000      )
 gdata_422=(   1.5827388514969012        5693176.5782214180        23033479.278934840        3.9826392911623776        16.112979867755765        1429498.4210231605        2716046.0000000000      )
 gdata_423=(   1.5919676494648132        5675028.2663079156        22894853.300246961        3.9717218884737941        16.023178338307428        1428858.4210231919        2714830.0000000000      )
 gdata_424=(   1.6011964474327252        5670865.1660784958        22806694.328213856        3.9599456415716037        15.925836209948102        1432056.3157598979        2720906.0000000000      )
 gdata_425=(   1.6104252454006371        5657943.4734455887        22688690.784688845        3.9487832892489307        15.834856506785693        1432832.1052335452        2722380.0000000000      )
 gdata_426=(   1.6196540433685491        5645339.7822947763        22575328.188553054        3.9382987142440138        15.748987555621449        1433446.3157598348        2723547.0000000000      )
 gdata_427=(   1.6288828413364611        5632331.4657215830        22452702.171400625        3.9263967886704658        15.652171439002386        1434478.4210229479        2725508.0000000000      )
 gdata_428=(   1.6381116393043731        5632998.5887524774        22392404.839362200        3.9158864865172971        15.566507629909159        1438498.9473385736        2733147.0000000000      )
 gdata_429=(   1.6473404372722851        5621861.0695943562        22276372.533642955        3.9036450095900350        15.468018401066313        1440156.8420753428        2736297.0000000000      )
 gdata_430=(   1.6565692352401971        5620153.8654902093        22208625.680634279        3.8932411729622078        15.384549598484980        1443566.8420752019        2742776.0000000000      )
 gdata_431=(   1.6657980332081090        5604707.9168967614        22083552.354048487        3.8824988569467731        15.297740407387725        1443582.6315488853        2742806.0000000000      )
 gdata_432=(   1.6750268311760210        5601138.4576973151        22006893.622660764        3.8718725502729936        15.212601505549612        1446622.6315487570        2748582.0000000000      )
 gdata_433=(   1.6842556291439330        5597286.6529558254        21927374.343924560        3.8608030881206994        15.124698774663715        1449772.6315486305        2754567.0000000000      )
 gdata_434=(   1.6934844271118450        5590380.4277488058        21837232.158451572        3.8501186793063802        15.039394281698460        1452002.1052327517        2758803.0000000000      )
 gdata_435=(   1.7027132250797570        5584980.5315169804        21748861.930260152        3.8386342749308948        14.948293261742140        1454939.4736536928        2764384.0000000000      )
 gdata_436=(   1.7119420230476690        5563981.1123567559        21604893.653869312        3.8279190765468312        14.863778811316205        1453526.3157590122        2761699.0000000000      )
 gdata_437=(   1.7211708210155809        5566523.2879353194        21555839.895384077        3.8178510542375106        14.784270506499917        1458025.2631272562        2770247.0000000000      )
 gdata_438=(   1.7303996189834929        5556583.2871753508        21447964.166308880        3.8058954277579060        14.690449964759864        1459993.6841798078        2773987.0000000000      )
 gdata_439=(   1.7396284169514049        5539447.8290160019        21322287.989900690        3.7956132514769703        14.609968600543981        1459434.2104956191        2772924.0000000000      )
 gdata_440=(   1.7488572149193169        5540449.8549813582        21263339.642033875        3.7847582638576167        14.525282699751056        1463884.7368112362        2781380.0000000000      )
 gdata_441=(   1.7580860128872289        5531433.1882557729        21166413.287199419        3.7739502442746535        14.441282733965986        1465687.8947059102        2784806.0000000000      )
 gdata_442=(   1.7673148108551409        5519485.6820696872        21058796.712016873        3.7631488506233279        14.357748385827964        1466719.9999690258        2786767.0000000000      )
 gdata_443=(   1.7765436088230528        5509708.5326298065        20961210.836688679        3.7526706211960636        14.276711667358052        1468209.9999689644        2789598.0000000000      )
 gdata_444=(   1.7857724067909648        5504717.6028601099        20880821.992615543        3.7419606760581505        14.194227645672596        1471078.4210214843        2795048.0000000000      )
 gdata_445=(   1.7950012047588768        5496050.7654997064        20788596.579028767        3.7316340308953855        14.114759444330915        1472826.8420740494        2798370.0000000000      )
 gdata_446=(   1.8042300027267888        5491772.6973821316        20708936.130542088        3.7204452272541917        14.029433997717060        1476106.3157581375        2804601.0000000000      )
 gdata_447=(   1.8134588006947008        5483070.6828721585        20619851.504651166        3.7106509263697451        13.954419979729520        1477657.3683896565        2807548.0000000000      )
 gdata_448=(   1.8226875986626128        5474527.7703886898        20525173.059778739        3.6997433570352234        13.871127495353477        1479704.7368106321        2811438.0000000000      )
 gdata_449=(   1.8319163966305247        5467218.6523309341        20439318.689891987        3.6895478793575460        13.793456915364523        1481812.6315474000        2815443.0000000000      )
 gdata_450=(   1.8411451945984367        5462067.1910393126        20358797.573283467        3.6787738315330780        13.711916960110369        1484752.1052315065        2821028.0000000000      )
 gdata_451=(   1.8503739925663487        5453550.1855932781        20271141.554785419        3.6688718748489020        13.637395566268600        1486437.8947051335        2824231.0000000000      )
 gdata_452=(   1.8596027905342607        5445508.6342618223        20186215.878203325        3.6591319644749665        13.564210934675838        1488196.8420734929        2827573.0000000000      )
 gdata_453=(   1.8688315885021727        5438735.4935586285        20098566.707070544        3.6481542063551364        13.481565845764790        1490818.4210207656        2832554.0000000000      )
 gdata_454=(   1.8780603864700847        5432452.0146377226        20021334.164867062        3.6385225277295832        13.409796386195753        1493037.8947048984        2836771.0000000000      )
 gdata_455=(   1.8872891844379966        5423521.2430992806        19931296.617481451        3.6283776041950460        13.334191391147160        1494751.0525995782        2840026.0000000000      )
 gdata_456=(   1.8965179824059086        5411041.7387868715        19828294.119826887        3.6182425476460032        13.258736652746880        1495488.9473363934        2841428.0000000000      )
 gdata_457=(   1.9057467803738206        5400964.4162402125        19731077.224628974        3.6075301623472389        13.179212217991747        1497136.3157573922        2844558.0000000000      )
 gdata_458=(   1.9149755783417326        5394967.9667550968        19652594.746555943        3.5974102342654315        13.104516265303108        1499681.0525994168        2849393.0000000000      )
 gdata_459=(   1.9242043763096446        5386657.6459317319        19566529.861056343        3.5874245256760844        13.030983908721307        1501538.9473361995        2852923.0000000000      )
 gdata_460=(   1.9334331742775566        5383253.6933603138        19499733.395807900        3.5774920078349286        12.958731717298877        1504756.3157571435        2859036.0000000000      )
 gdata_461=(   1.9426619722454685        5371752.2550596902        19397038.246705733        3.5666437954186603        12.878912285455486        1506108.4210202557        2861605.0000000000      )
 gdata_462=(   1.9518907702133805        5367985.8964755433        19325485.397336937        3.5562193917266218        12.802877513084090        1509464.2104938496        2867981.0000000000      )
 gdata_463=(   1.9611195681812925        5364061.7053527236        19256377.162143704        3.5462563168189067        12.730660626471865        1512598.4210200689        2873936.0000000000      )
 gdata_464=(   1.9703483661492045        5358745.7504238188        19183917.285378251        3.5367093908428471        12.661160573065748        1515178.4210199851        2878838.0000000000      )
 gdata_465=(   1.9795771641171165        5351335.0144585688        19099474.812003534        3.5262610660873088        12.585594852558025        1517566.3157567449        2883375.0000000000      )
 gdata_466=(   1.9888059620850285        5342789.0384923685        19012081.301170580        3.5158632325366477        12.511045661582999        1519623.6841777314        2887284.0000000000      )
 gdata_467=(   1.9980347600529405        5341321.5074592298        18953102.610091295        3.5061760470552277        12.441287103964740        1523403.6841776117        2894466.0000000000      )
 gdata_468=(   2.0072635580208527        5330891.9014987936        18858916.776526444        3.4958996796220272        12.367326581606578        1524898.4210196685        2897306.0000000000      )
 gdata_469=(   2.0164923559887646        5324735.7321728664        18783268.174586874        3.4861484035274635        12.297560602719956        1527397.8947038015        2902055.0000000000      )
 gdata_470=(   2.0257211539566766        5317452.1092617270        18705028.702747609        3.4764347363470152        12.228941641681853        1529570.5262826895        2906183.0000000000      )
 gdata_471=(   2.0349499519245886        5305214.2857853742        18607269.494979154        3.4665206484139777        12.158318295978111        1530414.7368089806        2907787.0000000000      )
 gdata_472=(   2.0441787498925006        5296685.5899752825        18521723.274126239        3.4563382685963902        12.086301870338822        1532455.7894404973        2911665.0000000000      )
 gdata_473=(   2.0534075478604126        5290614.6665354278        18449324.417231202        3.4468766944809484        12.019878666445438        1534901.0525983206        2916311.0000000000      )
 gdata_474=(   2.0626363458283246        5284673.2317889119        18373674.488249864        3.4368375992082805        11.949146625940982        1537655.7894403576        2921545.0000000000      )
 gdata_475=(   2.0718651437962365        5277274.2499931548        18292181.584077656        3.4265906660576011        11.877309328373933        1540094.7368087075        2926179.0000000000      )
 gdata_476=(   2.0810939417641485        5272231.2344323061        18222272.217485983        3.4169346375972260        11.809860066268101        1542971.0525981020        2931644.0000000000      )
 gdata_477=(   2.0903227397320605        5262482.9609366171        18135207.526031461        3.4070698358285685        11.741210182927796        1544577.3683875278        2934696.0000000000      )
 gdata_478=(   2.0995515376999725        5257340.1185904760        18063160.921906210        3.3970854168173252        11.671700739400464        1547603.1578611273        2940445.0000000000      )
 gdata_479=(   2.1087803356678845        5257216.7878755173        18009465.763933536        3.3872728249668485        11.603663389919797        1552049.9999662621        2948894.0000000000      )
 gdata_480=(   2.1180091336357965        5247659.6851786450        17920267.263633288        3.3767831785437492        11.531398886584828        1554041.0525977917        2952677.0000000000      )
 gdata_481=(   2.1272379316037084        5243674.6383565739        17856994.364172343        3.3676322771036746        11.468253608445169        1557080.5262819212        2958452.0000000000      )
 gdata_482=(   2.1364667295716204        5242405.0041423086        17795957.595803645        3.3571735792357673        11.396318790826918        1561553.1578607559        2966950.0000000000      )
 gdata_483=(   2.1456955275395324        5234850.0527073098        17717758.181530613        3.3473454032916727        11.329351520758051        1563881.0525975374        2971373.0000000000      )
 gdata_484=(   2.1549243255074444        5232985.9408433158        17661788.728820723        3.3381119584475885        11.266422044648209        1567648.4210184945        2978531.0000000000      )
 gdata_485=(   2.1641531234753564        5224793.2739538727        17581329.493192893        3.3282988244055693        11.199661922585280        1569808.9473342332        2982636.0000000000      )
 gdata_486=(   2.1733819214432684        5214961.9651199458        17495656.722255338        3.3185057769729793        11.133242829586983        1571478.9473341960        2985809.0000000000      )
 gdata_487=(   2.1826107194111803        5211296.9808062427        17430925.884223159        3.3086969650862410        11.067043729073688        1575029.9999656845        2992556.0000000000      )
 gdata_488=(   2.1918395173790923        5200373.5736719240        17337356.127741653        3.2980420751178605        10.995235086586437        1576806.3157551077        2995931.0000000000      )
 gdata_489=(   2.2010683153470043        5195182.5912195984        17270145.064934336        3.2886982515196523        10.932492724034757        1579707.8947024075        3001444.0000000000      )
 gdata_490=(   2.2102971133149163        5186114.6369316643        17186993.985908147        3.2788166421488789        10.866131170376377        1581703.1578602628        3005235.0000000000      )
 gdata_491=(   2.2195259112828283        5187807.4968682807        17140798.501401339        3.2691176266226845        10.801342676871796        1586913.6841759314        3015135.0000000000      )
 gdata_492=(   2.2287547092507403        5177532.3642555885        17057231.553682670        3.2597722944697303        10.739226126893374        1588311.0525969488        3017790.0000000000      )
 gdata_493=(   2.2379835072186522        5178280.3750636494        17005939.580983721        3.2496515300053561        10.672148585203464        1593487.8947020867        3027626.0000000000      )
 gdata_494=(   2.2472123051865642        5176900.4062250052        16948980.296601225        3.2397605884868841        10.606856240452618        1597926.8420704056        3036060.0000000000      )
 gdata_495=(   2.2564411031544762        5179672.4980666842        16908268.565061923        3.2303405157453420        10.544964960083796        1603444.7368071256        3046544.0000000000      )
 gdata_496=(   2.2656699011223882        5179087.2688168334        16856453.733088516        3.2209561434696172        10.483294717894626        1607934.7368070388        3055075.0000000000      )
 gdata_497=(   2.2748986990903002        5186323.7107100375        16829156.428472687        3.2113846738787029        10.420655948856185        1614980.5262805866        3068462.0000000000      )
 gdata_498=(   2.2841274970582122        5190050.3883235632        16794226.325016428        3.2024332339356665        10.362594675856721        1620658.4210173187        3079250.0000000000      )
 gdata_499=(   2.2933562950261241        5206349.8503726013        16806137.198025499        3.1947481151765795        10.312671387795511        1629658.9473329533        3096351.0000000000      )
 gdata_500=(   2.3025850929940361        5233259.3468968514        16872400.322211944        3.1908233786323925        10.287441503101130        1640096.8420696040        3116183.0000000000      )
 }
